### 2018_2019
"County","ATU Donegal","ATU Galway-Mayo","ATU Sligo","Dublin City University","Dundalk IT","Maynooth University","MTU Cork","MTU Kerry","SETU Carlow","SETU Waterford","Trinity College Dublin","TU Dublin City","TU Dublin Tallaght","TUS Athlone","TUS Limerick","University College Cork","University College Dublin","University of Galway","University of Limerick","Row_Total"
"Antrim",0,0,0,0,0,0,0,0,0,0,5,0,0,0,0,0,0,0,0,5
"Carlow",0,0,0,5,0,10,0,0,15,5,5,0,0,0,0,0,5,0,5,60
"Cavan",0,5,10,10,0,10,0,0,0,0,5,5,0,0,0,0,15,10,0,65
"Clare",0,10,0,0,0,0,5,10,0,0,5,0,0,0,20,15,5,25,40,130
"Cork",0,5,0,0,0,5,135,15,0,5,10,5,0,0,5,290,10,10,25,525
"Derry",0,0,0,0,0,0,0,0,0,0,0,0,0,0,0,0,0,0,0,0
"Donegal",25,10,5,5,0,10,0,0,0,0,5,5,0,5,0,0,10,25,0,110
"Down",0,0,0,0,0,0,0,0,0,0,0,0,0,0,0,0,0,0,0,5
"Dublin",0,5,5,115,5,105,0,5,0,0,215,175,150,5,0,5,225,10,0,1025
"Fermanagh",0,0,0,0,0,0,0,0,0,0,0,0,0,0,0,0,0,0,0,5
"Galway",0,70,5,0,0,5,0,5,0,0,10,0,0,10,0,5,15,185,15,325
"Kerry",0,5,0,0,0,0,15,20,0,0,5,5,0,0,0,50,5,5,10,115
"Kildare",0,5,0,20,0,90,0,0,15,0,30,10,15,5,0,5,30,15,5,245
"Kilkenny",0,0,0,5,0,10,5,0,5,5,10,0,0,0,0,20,20,0,10,95
"Laois",0,5,0,5,0,5,0,0,5,5,5,5,0,5,5,10,5,5,5,70
"Leitrim",0,5,5,5,0,0,0,0,0,0,0,0,0,0,0,0,5,10,0,30
"Limerick",0,0,0,0,0,0,5,5,0,0,5,0,0,0,50,20,10,15,80,200
"Longford",0,0,5,5,0,10,0,0,0,0,0,0,0,10,0,0,5,10,5,40
"Louth",5,0,0,15,20,15,0,0,0,0,15,10,0,0,0,0,15,5,0,100
"Mayo",0,25,10,5,0,5,0,0,0,0,5,0,0,0,0,0,15,40,15,130
"Meath",0,5,0,25,10,55,0,5,0,0,35,20,5,10,0,0,35,10,0,215
"Monaghan",0,5,5,10,0,5,0,0,0,0,0,0,0,0,0,0,10,5,0,50
"N/A",0,15,0,25,5,10,10,5,0,15,45,5,5,5,0,5,35,80,5,265
"Offaly",0,5,0,0,0,5,0,0,0,0,5,0,0,20,0,0,10,5,5,70
"Roscommon",0,10,5,0,0,5,0,0,0,0,5,0,0,5,0,0,10,20,10,75
"Sligo",0,5,20,5,0,0,0,0,0,0,5,0,0,0,0,0,5,15,0,55
"Tipperary",0,0,0,0,0,5,10,5,0,10,0,0,0,0,20,30,5,20,30,150
"Tyrone",0,0,0,0,0,0,0,0,0,0,0,0,0,0,0,0,0,0,0,0
"Waterford",0,0,0,5,0,0,5,0,0,40,10,0,0,0,0,25,10,5,15,125
"Westmeath",0,10,5,5,0,15,0,0,0,0,5,10,0,15,0,0,15,20,5,105
"Wexford",0,0,0,10,0,25,0,0,5,10,20,5,0,0,0,15,20,5,5,125
"Wicklow",0,5,0,5,0,10,0,0,5,0,25,15,5,0,0,0,35,10,0,125
"TOTAL",40,210,90,295,50,425,190,80,60,105,495,275,190,100,115,500,580,560,285,4635

### 2019_2020
"County","ATU Donegal","ATU Galway-Mayo","ATU Sligo","Dublin City University","Dundalk IT","Maynooth University","MTU Cork","MTU Kerry","SETU Carlow","SETU Waterford","Trinity College Dublin","TU Dublin City","TU Dublin Tallaght","TUS Athlone","TUS Limerick","University College Cork","University College Dublin","University of Galway","University of Limerick","Row_Total"
"Antrim",0,0,0,0,0,0,0,0,0,0,5,0,0,0,0,0,0,0,0,10
"Carlow",0,0,0,5,0,10,0,0,15,5,5,0,0,0,0,0,5,10,5,60
"Cavan",0,5,10,10,0,5,0,5,0,0,10,5,0,0,0,0,10,15,0,75
"Clare",0,10,0,0,0,0,5,5,0,0,5,0,0,0,30,10,5,25,50,135
"Cork",0,5,0,5,0,5,150,20,0,0,5,0,0,0,5,290,10,5,20,515
"Derry",0,0,0,0,0,0,0,0,0,0,5,0,0,0,0,0,0,0,0,5
"Donegal",35,15,10,5,0,20,0,0,0,0,10,0,0,0,0,0,5,45,0,150
"Down",0,0,0,0,5,0,0,0,0,0,5,0,0,0,0,0,0,0,0,10
"Dublin",5,5,0,125,5,120,0,5,5,0,210,150,150,10,0,0,245,10,0,1040
"Fermanagh",0,0,0,0,0,0,0,0,0,0,0,0,0,0,0,0,0,0,0,5
"Galway",0,65,5,0,0,0,0,0,0,0,15,0,0,5,5,5,15,200,10,325
"Kerry",0,5,0,0,0,0,10,30,0,0,5,0,0,0,5,45,5,25,10,135
"Kildare",0,5,0,20,0,70,0,0,10,5,35,15,20,5,0,5,35,15,5,250
"Kilkenny",0,0,0,5,0,5,5,0,0,15,0,0,0,0,5,25,15,10,10,110
"Laois",0,0,0,5,0,5,0,0,10,5,0,0,0,10,0,5,5,10,10,80
"Leitrim",0,0,5,5,0,0,0,0,0,0,5,0,0,5,0,0,5,10,0,35
"Limerick",0,5,0,0,0,0,5,10,0,0,0,0,0,0,50,25,5,10,70,190
"Longford",0,5,5,0,0,5,0,0,0,0,0,5,0,5,0,0,0,10,0,40
"Louth",0,0,0,15,35,15,0,0,0,0,15,15,5,0,0,0,10,5,0,130
"Mayo",0,25,15,5,0,5,0,0,0,0,5,0,0,10,0,5,5,45,15,135
"Meath",5,5,0,35,10,55,0,0,0,0,25,20,10,5,0,5,35,10,0,225
"Monaghan",0,0,0,0,5,10,0,0,0,0,5,0,0,5,0,0,10,0,0,35
"N/A",0,10,0,5,10,5,0,0,5,10,50,20,0,0,5,15,40,25,5,200
"Offaly",0,5,0,0,0,10,0,0,0,0,5,0,0,15,5,0,10,10,5,70
"Roscommon",0,10,5,5,0,10,0,0,0,0,0,0,0,5,0,0,10,20,5,75
"Sligo",0,5,25,0,0,0,0,0,0,0,5,0,0,0,0,0,10,15,5,70
"Tipperary",0,0,0,0,0,0,10,5,0,10,10,0,0,5,10,25,10,15,30,135
"Tyrone",0,0,0,0,0,0,0,0,0,0,0,0,0,0,0,0,0,0,0,0
"Waterford",0,0,0,0,0,5,10,0,0,60,5,0,0,0,0,35,5,5,20,145
"Westmeath",0,5,5,5,0,10,0,0,0,0,5,5,0,20,0,0,10,15,0,85
"Wexford",0,5,0,5,0,25,5,0,5,25,10,0,0,0,0,10,25,5,5,130
"Wicklow",0,5,0,10,0,10,0,5,5,0,20,25,20,0,0,0,35,10,0,150
"TOTAL",50,210,100,275,70,410,195,90,55,135,475,275,215,100,130,510,585,585,285,4755

### 2020_2021
"County","ATU Donegal","ATU Galway-Mayo","ATU Sligo","Dublin City University","Dundalk IT","Maynooth University","MTU Cork","MTU Kerry","SETU Carlow","SETU Waterford","Trinity College Dublin","TU Dublin City","TU Dublin Tallaght","TUS Athlone","TUS Limerick","University College Cork","University College Dublin","University of Galway","University of Limerick","Row_Total"
"Antrim",0,0,0,0,0,0,0,0,0,0,5,0,0,0,0,0,0,0,0,5
"Armagh",0,0,0,0,0,0,0,0,0,0,0,0,0,0,0,0,0,0,0,0
"Carlow",0,0,0,5,0,5,0,0,10,0,5,5,0,0,0,5,10,5,0,50
"Cavan",0,0,5,5,0,5,0,0,0,0,5,5,0,0,0,0,10,10,0,45
"Clare",0,10,0,0,0,0,0,0,0,0,5,0,0,0,15,5,5,35,50,135
"Cork",0,5,0,0,0,5,175,10,0,10,5,0,0,0,5,340,5,15,25,600
"Derry",0,0,0,0,0,0,0,0,0,0,0,0,0,0,0,0,0,0,0,5
"Donegal",40,5,10,5,0,15,0,0,0,0,5,0,0,0,0,0,10,35,0,125
"Down",0,0,0,0,0,0,0,0,0,0,5,0,0,0,0,0,0,0,0,10
"Dublin",5,10,0,110,5,115,0,5,5,0,255,135,130,5,0,5,310,25,0,1120
"Galway",0,65,0,5,0,0,5,0,0,0,10,5,0,5,0,5,10,215,10,335
"Kerry",0,5,0,0,0,5,10,35,0,0,5,0,0,0,0,45,0,10,25,145
"Kildare",0,5,5,20,0,95,0,5,5,0,40,25,10,5,5,5,35,15,5,275
"Kilkenny",0,0,0,0,0,5,0,0,0,10,10,0,0,0,5,20,20,10,20,105
"Laois",0,5,5,0,0,10,0,0,5,0,10,5,5,5,0,5,10,10,5,95
"Leitrim",0,0,5,0,0,5,0,0,0,0,5,0,0,0,0,0,5,5,0,30
"Limerick",0,5,0,0,0,0,10,10,0,0,0,0,0,0,40,25,5,15,75,190
"Longford",0,5,5,0,0,5,0,0,0,0,5,0,0,5,0,0,0,5,5,45
"Louth",0,5,0,30,30,30,0,0,0,0,20,5,0,0,0,0,25,5,5,155
"Mayo",0,20,15,5,0,5,0,0,0,0,5,0,0,5,5,0,10,50,10,140
"Meath",0,5,10,30,10,60,5,0,0,0,35,25,5,5,0,5,25,10,0,235
"Monaghan",0,0,5,0,5,10,0,0,0,0,0,0,0,0,0,0,10,0,0,35
"N/A",0,5,0,5,10,5,5,5,0,10,55,5,0,5,5,5,25,45,10,195
"Offaly",0,10,0,0,0,10,0,0,0,0,5,5,0,15,0,5,5,20,5,80
"Roscommon",0,5,10,5,0,5,0,0,0,0,5,0,0,15,0,0,10,15,5,75
"Sligo",0,5,25,0,0,5,0,0,0,0,5,0,0,5,0,0,5,15,5,70
"Tipperary",0,0,0,0,0,5,10,0,0,5,5,5,0,0,15,25,5,10,30,125
"Tyrone",0,0,0,0,0,0,0,0,0,0,0,0,0,0,0,0,0,0,0,0
"Waterford",0,0,0,0,0,5,10,0,0,60,5,0,0,0,0,35,10,5,20,150
"Westmeath",0,0,5,5,0,15,0,0,0,0,10,5,0,20,0,0,15,15,5,105
"Wexford",0,0,0,5,0,25,0,0,15,20,10,10,5,0,0,10,20,10,5,140
"Wicklow",0,5,0,0,0,15,0,0,5,0,25,20,5,0,0,0,55,10,0,145
"TOTAL",60,185,105,255,60,465,235,80,55,120,555,260,175,105,95,550,660,625,320,4960

### 2021_2022
"County","ATU Donegal","ATU Galway-Mayo","ATU Sligo","Dublin City University","Dundalk IT","Maynooth University","MTU Cork","MTU Kerry","SETU Carlow","SETU Waterford","Trinity College Dublin","TU Dublin City","TU Dublin Tallaght","TUS Athlone","TUS Limerick","University College Cork","University College Dublin","University of Galway","University of Limerick","Row_Total"
"Antrim",0,0,0,0,0,0,0,0,0,0,5,0,0,0,0,0,0,0,0,5
"Carlow",0,5,0,0,0,5,0,0,20,0,5,5,0,0,0,5,5,10,0,60
"Cavan",0,5,10,5,5,5,0,0,0,0,5,5,0,5,0,0,10,10,0,60
"Clare",0,15,0,0,0,0,5,5,0,0,15,0,0,0,20,10,5,35,50,160
"Cork",0,5,0,0,0,5,180,10,0,10,15,0,0,0,5,320,10,20,35,625
"Derry",0,0,0,0,0,0,0,0,0,0,0,0,0,0,0,0,0,0,0,5
"Donegal",25,5,15,5,0,15,0,0,0,0,10,0,0,0,0,0,5,15,0,95
"Down",0,0,0,0,0,0,0,0,0,0,0,0,0,0,0,0,0,5,0,10
"Dublin",5,10,10,170,5,120,0,5,0,5,245,215,80,10,0,5,325,15,0,1220
"Fermanagh",0,0,0,0,0,0,0,0,0,0,0,0,0,0,0,0,0,0,0,5
"Galway",0,90,5,0,0,5,0,0,0,0,0,5,0,10,0,0,15,205,15,355
"Kerry",0,10,0,0,0,5,20,35,0,0,5,0,0,0,0,40,0,10,15,150
"Kildare",0,5,5,20,0,80,0,0,10,5,30,35,15,5,0,5,35,10,5,265
"Kilkenny",0,5,0,5,0,10,5,0,5,10,5,0,0,5,0,20,10,10,10,95
"Laois",0,5,5,0,0,10,0,0,5,5,5,5,0,5,5,0,10,10,5,75
"Leitrim",0,5,5,0,0,5,0,0,0,0,0,0,0,0,0,0,5,5,0,30
"Limerick",0,5,0,0,0,0,15,10,0,0,0,0,0,0,45,30,5,15,80,210
"Longford",0,5,5,0,0,5,0,0,0,0,0,0,0,0,0,0,10,10,0,40
"Louth",0,0,0,25,20,20,0,0,0,0,15,10,0,0,0,0,10,5,0,120
"Mayo",0,30,20,5,0,10,0,0,0,0,15,0,0,10,0,5,15,40,15,165
"Meath",0,0,5,30,5,50,0,5,0,0,35,25,5,5,0,0,25,5,0,205
"Monaghan",0,0,10,10,5,5,0,0,0,0,5,0,0,0,0,0,5,5,0,50
"N/A",0,5,5,15,15,15,5,5,0,5,85,5,5,5,10,15,40,15,5,255
"Offaly",0,5,5,5,0,10,0,0,0,0,10,0,0,15,0,5,10,15,5,80
"Roscommon",0,10,5,0,0,5,0,0,0,0,5,5,0,10,0,0,10,25,0,80
"Sligo",5,5,30,5,0,5,0,0,0,0,5,0,0,0,0,5,5,20,0,85
"Tipperary",0,5,0,5,0,5,10,0,0,5,10,0,0,5,15,35,10,10,20,140
"Tyrone",0,0,0,0,0,0,0,0,0,0,0,0,0,0,0,0,0,0,0,0
"Waterford",0,0,5,0,0,5,10,0,0,45,0,0,0,0,0,35,10,5,15,135
"Westmeath",0,0,5,10,0,20,0,0,0,0,10,5,0,20,0,0,20,20,5,105
"Wexford",0,5,5,15,0,20,0,0,5,15,15,10,0,0,0,10,25,10,10,150
"Wicklow",0,5,5,10,0,20,0,0,5,0,25,20,5,0,0,0,50,10,5,155
"TOTAL",45,245,160,350,55,460,255,90,50,115,575,355,120,120,105,550,680,565,300,5190

### 2022_2023
"County","ATU Donegal","ATU Galway-Mayo","ATU Sligo","Dublin City University","Dundalk IT","Maynooth University","MTU Cork","MTU Kerry","SETU Carlow","SETU Waterford","Trinity College Dublin","TU Dublin City","TU Dublin Tallaght","TUS Athlone","TUS Limerick","University College Cork","University College Dublin","University of Galway","University of Limerick","Row_Total"
"Antrim",0,0,0,0,0,0,0,0,0,0,5,0,0,0,0,0,5,0,0,5
"Carlow",0,0,0,0,0,15,0,0,15,5,0,0,0,0,0,5,5,5,5,65
"Cavan",0,5,10,5,0,10,0,0,0,0,5,0,0,5,0,0,10,10,0,60
"Clare",0,10,0,0,0,5,0,0,0,0,5,0,0,0,15,20,5,35,35,130
"Cork",0,5,0,0,0,0,205,15,0,5,10,0,0,0,5,310,15,20,35,630
"Derry",0,0,0,0,0,0,0,0,0,0,0,0,0,0,0,0,0,0,0,5
"Donegal",25,5,25,0,0,10,0,5,0,0,5,0,0,0,0,0,5,25,0,105
"Down",0,0,0,0,0,0,0,0,0,0,0,0,0,0,0,0,0,0,0,0
"Dublin",5,5,10,185,10,150,0,5,0,0,225,175,90,10,0,5,320,30,0,1220
"Fermanagh",0,0,0,0,0,0,0,0,0,0,0,0,0,0,0,0,0,0,0,5
"Galway",0,70,5,5,0,5,0,0,0,0,5,5,0,10,0,0,15,185,15,320
"Kerry",0,5,0,0,0,0,25,45,0,0,5,0,0,0,5,45,5,25,10,170
"Kildare",0,0,5,25,0,95,0,5,10,5,30,30,15,5,0,0,40,25,5,295
"Kilkenny",0,0,0,5,0,15,5,5,5,15,5,0,0,0,0,15,20,5,10,115
"Laois",0,5,0,5,0,5,0,0,5,5,10,5,0,5,5,5,5,10,10,85
"Leitrim",0,0,10,0,0,5,0,0,0,0,0,0,0,0,0,0,5,5,0,30
"Limerick",0,5,0,0,0,0,5,5,0,0,10,0,0,0,45,25,5,10,65,185
"Longford",0,0,10,0,0,0,0,0,0,0,0,0,5,0,0,0,0,5,0,25
"Louth",0,0,0,25,40,15,0,0,0,0,15,15,5,0,0,0,15,5,0,140
"Mayo",0,20,25,0,0,5,0,0,0,0,10,0,0,0,0,0,10,55,10,140
"Meath",0,5,5,40,10,60,0,0,0,0,30,25,10,5,0,0,30,10,0,225
"Monaghan",0,0,5,5,10,10,0,0,0,0,5,0,0,0,0,0,5,10,0,55
"N/A",5,20,10,10,25,10,5,10,5,10,125,15,5,10,10,15,55,20,10,375
"Offaly",0,0,5,5,0,10,0,0,0,0,5,0,0,15,0,0,5,10,0,60
"Roscommon",0,10,10,5,0,5,0,0,0,0,0,0,0,10,0,0,10,15,5,70
"Sligo",0,5,45,5,0,0,0,0,0,0,5,0,0,0,0,0,0,15,5,85
"Tipperary",0,0,5,0,0,5,10,5,0,10,5,0,0,5,20,30,5,10,40,155
"Waterford",0,0,0,0,0,10,5,5,0,60,0,5,0,5,0,15,5,10,10,135
"Westmeath",0,5,10,5,0,25,0,0,0,0,5,5,0,20,0,0,10,10,0,100
"Wexford",0,0,5,10,0,25,0,5,5,10,10,5,0,0,0,10,25,10,5,130
"Wicklow",0,0,5,10,0,25,0,0,5,0,20,20,15,0,0,5,50,10,0,170
"TOTAL",40,190,210,370,100,525,260,105,60,125,555,310,150,100,110,520,690,580,290,5290

### 2023_2024
"County","ATU Donegal","ATU Galway-Mayo","ATU Sligo","Dublin City University","Dundalk IT","Maynooth University","MTU Cork","MTU Kerry","SETU Carlow","SETU Waterford","St. Angelas College of Home Economics, Sligo","Trinity College Dublin","TU Dublin City","TU Dublin Tallaght","TUS Athlone","TUS Limerick","University College Cork","University College Dublin","University of Galway","University of Limerick","Row_Total"
"Antrim",0,0,0,0,0,0,0,0,0,0,0,0,0,0,0,0,0,5,0,0,10
"Armagh",0,0,0,0,0,0,0,0,0,0,0,0,0,0,0,0,0,0,0,0,0
"Carlow",0,5,0,0,0,5,5,0,15,0,0,0,5,0,0,0,0,5,5,0,60
"Cavan",0,5,10,5,0,10,0,0,0,0,0,5,5,0,0,0,0,5,10,0,65
"Clare",0,15,5,0,0,0,0,5,0,0,0,0,0,0,0,25,15,5,35,60,175
"Cork",0,5,0,5,0,0,200,15,0,5,0,10,0,0,5,5,305,10,15,15,585
"Derry",0,0,0,0,0,0,0,0,0,0,0,0,0,0,0,0,0,0,0,0,0
"Donegal",25,5,15,5,0,5,0,0,0,0,5,5,0,0,0,0,0,5,15,0,90
"Down",0,0,0,0,0,0,0,0,0,0,0,0,0,0,0,0,0,0,0,0,5
"Dublin",0,5,5,215,10,130,0,0,0,0,0,230,205,115,5,0,5,350,15,0,1305
"Fermanagh",0,0,0,0,0,0,0,0,0,0,0,0,0,0,0,0,0,0,0,0,5
"Galway",0,95,10,5,0,5,0,0,0,0,0,10,0,0,5,5,5,10,195,15,360
"Kerry",0,5,0,0,0,0,10,45,0,0,0,5,0,0,0,5,35,5,15,10,140
"Kildare",0,5,5,25,0,95,0,0,5,0,5,35,30,15,5,5,0,45,15,5,295
"Kilkenny",0,0,0,5,0,5,5,0,0,15,0,0,5,0,0,0,20,10,5,15,95
"Laois",0,10,5,0,0,20,0,0,10,5,0,5,5,0,5,10,5,10,0,5,95
"Leitrim",0,0,5,0,0,0,0,0,0,0,0,0,0,0,0,0,0,10,5,0,25
"Limerick",0,0,0,0,0,5,5,10,0,0,0,5,0,0,0,40,20,5,15,110,210
"Longford",0,5,5,5,0,10,0,0,0,0,0,0,0,0,5,0,0,5,5,0,40
"Louth",0,0,0,20,25,20,0,0,0,0,0,15,5,0,0,0,0,10,5,0,110
"Mayo",0,20,15,5,0,5,0,0,0,0,5,5,0,0,0,0,5,10,45,25,140
"Meath",0,5,5,50,5,75,0,5,0,0,0,20,35,5,5,0,0,25,15,5,250
"Monaghan",0,0,5,5,5,5,0,0,0,0,0,0,0,0,0,0,0,5,5,0,40
"N/A",0,15,15,15,15,10,5,5,5,10,0,150,5,5,10,5,30,75,35,5,410
"Offaly",0,5,5,5,0,5,0,0,0,0,0,5,5,0,10,5,0,5,15,5,75
"Roscommon",0,5,5,5,0,5,0,0,0,0,5,5,0,0,5,5,0,10,20,5,65
"Sligo",0,5,40,5,0,5,0,0,0,0,0,5,0,0,0,0,0,5,20,0,90
"Tipperary",0,5,5,0,0,10,10,5,0,5,0,5,0,0,5,20,40,5,15,25,150
"Tyrone",0,0,0,0,0,0,0,0,0,0,0,0,0,0,0,0,0,0,5,0,5
"Waterford",0,0,0,5,0,5,5,5,0,45,0,5,0,0,0,0,30,0,5,10,125
"Westmeath",0,5,5,5,0,25,0,0,0,0,5,5,5,0,15,0,0,10,5,0,90
"Wexford",0,0,5,10,0,20,0,0,5,20,5,10,0,0,0,0,5,30,10,10,130
"Wicklow",0,5,0,10,0,15,0,0,5,5,0,20,15,10,5,0,5,60,10,5,165
"TOTAL",30,235,175,420,70,500,245,105,45,110,45,555,330,160,80,135,520,725,575,340,5395

### 2024_2025
"County","ATU Donegal","ATU Galway-Mayo","ATU Sligo","Dublin City University","Dundalk IT","Maynooth University","MTU Cork","MTU Kerry","SETU Carlow","SETU Waterford","St. Angelas College of Home Economics, Sligo","Trinity College Dublin","TU Dublin City","TU Dublin Tallaght","TUS Athlone","TUS Limerick","University College Cork","University College Dublin","University of Galway","University of Limerick","Row_Total"
"Antrim",0,0,0,0,0,0,0,0,0,0,0,0,0,0,0,0,0,5,0,0,5
"Armagh",0,0,0,0,0,0,0,0,0,0,0,0,0,0,0,0,0,0,0,0,0
"Carlow",0,0,0,5,0,5,0,0,20,5,0,0,0,0,0,0,0,5,10,0,55
"Cavan",0,5,15,5,0,5,0,0,0,0,0,5,5,0,5,0,0,10,15,0,70
"Clare",0,10,0,0,0,0,5,5,0,0,0,5,0,0,0,25,15,0,35,45,150
"Cork",0,5,0,0,0,0,215,10,0,5,0,10,0,0,0,5,300,10,15,15,600
"Donegal",20,5,15,5,0,5,0,0,0,0,0,5,0,0,0,0,0,10,10,0,75
"Down",0,0,0,0,0,0,0,0,0,0,0,0,0,0,0,0,0,0,0,0,0
"Dublin",0,10,0,220,10,125,0,5,0,0,5,230,190,145,5,0,0,330,15,5,1285
"Fermanagh",0,0,0,0,0,0,0,0,0,0,0,0,0,0,0,0,0,0,0,0,0
"Galway",0,60,5,5,0,0,0,0,0,0,0,5,0,0,5,5,5,15,180,10,290
"Kerry",0,0,0,0,0,0,10,40,0,0,0,5,0,0,0,5,40,5,15,20,145
"Kildare",0,5,5,35,0,85,0,0,10,5,0,35,35,25,5,0,0,40,20,5,305
"Kilkenny",0,0,0,5,0,5,5,0,0,15,0,0,0,0,0,5,15,15,5,10,90
"Laois",0,0,0,5,0,15,0,0,5,0,0,5,5,0,5,0,5,10,10,5,70
"Leitrim",0,5,5,0,0,0,0,0,0,0,0,0,5,0,0,0,0,5,10,0,30
"Limerick",0,0,0,0,0,0,5,5,0,0,0,5,0,0,0,50,15,5,10,100,195
"Longford",0,0,5,0,0,5,0,0,0,0,0,0,0,0,5,0,0,5,0,0,30
"Louth",0,0,0,20,25,10,0,0,0,0,0,15,10,0,0,0,0,10,5,0,105
"Mayo",0,15,25,5,0,5,0,0,0,0,5,5,0,0,0,0,5,10,40,20,120
"Meath",0,5,10,45,5,50,0,0,0,0,5,25,30,15,10,0,0,20,10,0,225
"Monaghan",0,0,5,5,0,10,0,0,0,0,0,5,0,0,0,0,0,5,0,0,35
"N/A",0,15,5,15,0,10,5,10,5,0,0,155,10,5,10,0,35,80,50,5,425
"Offaly",0,5,0,5,0,10,0,0,0,0,0,0,0,0,5,5,5,5,10,5,60
"Roscommon",0,5,5,5,0,0,0,0,0,0,0,0,0,0,5,0,0,5,30,5,70
"Sligo",0,5,25,5,0,0,0,0,0,0,0,5,0,0,0,0,0,10,10,5,60
"Tipperary",0,0,0,5,0,0,5,0,0,10,0,0,0,0,0,25,30,10,10,35,140
"Tyrone",0,0,0,0,0,0,0,0,0,0,0,0,0,0,0,0,0,0,0,0,0
"Waterford",0,0,0,5,0,5,10,0,0,45,0,0,0,0,0,0,30,5,5,15,120
"Westmeath",0,5,5,5,0,10,0,0,0,0,0,5,0,0,20,0,0,20,15,0,95
"Wexford",0,5,5,10,0,25,5,0,5,15,0,5,0,5,0,0,10,30,5,10,135
"Wicklow",0,0,0,10,0,15,0,5,5,5,0,20,20,20,0,0,0,45,15,0,160
"TOTAL",20,165,150,420,45,410,265,90,50,105,25,550,315,220,80,130,510,715,545,315,5140