### 2018_2019
"County","ATU Galway-Mayo","ATU Sligo","Dublin City University","Dun Laoghaire Institute of Art, Design and Technology","Dundalk IT","Maynooth University","SETU Waterford","Trinity College Dublin","TU Dublin Blanchardstown","TU Dublin City","TUS Athlone","TUS Limerick","University College Cork","University College Dublin","University of Galway","University of Limerick","Row_Total"
"Antrim",0,0,0,0,0,0,0,0,0,0,0,0,0,5,0,0,5
"Carlow",0,0,0,0,0,5,0,0,0,0,0,0,5,10,0,0,25
"Cavan",0,0,10,0,0,5,0,0,0,0,0,0,0,5,5,0,30
"Clare",5,0,0,0,0,0,0,5,0,0,0,0,0,5,5,10,35
"Cork",0,0,0,0,0,0,5,10,0,0,0,0,215,10,0,5,250
"Donegal",0,10,5,0,0,5,0,5,0,0,0,0,0,10,10,0,45
"Down",0,0,0,0,0,0,0,0,0,0,0,0,0,0,0,0,0
"Dublin",0,0,140,30,0,90,0,170,25,30,0,0,0,335,5,0,825
"Fermanagh",0,0,0,0,0,0,0,0,0,0,0,0,0,0,0,0,5
"Galway",0,0,0,0,0,0,0,5,0,0,0,0,0,5,55,10,80
"Kerry",0,0,0,0,0,0,0,0,0,0,0,0,35,5,5,5,50
"Kildare",0,0,20,0,0,50,5,20,0,5,0,0,0,15,0,0,120
"Kilkenny",0,0,5,0,0,5,5,5,0,0,0,0,10,5,0,0,40
"Laois",0,0,0,0,0,0,0,5,0,5,0,0,0,0,0,0,15
"Leitrim",0,5,5,0,0,5,0,0,0,0,0,0,0,0,0,0,20
"Limerick",0,0,0,0,0,0,0,5,0,0,0,5,10,0,0,15,40
"Longford",0,0,0,0,0,5,0,0,0,0,0,0,0,5,0,0,15
"Louth",0,0,10,0,15,10,0,5,0,0,0,0,0,10,0,0,50
"Mayo",0,0,5,0,0,5,0,10,0,0,0,0,0,5,15,5,45
"Meath",0,0,25,5,0,25,0,15,5,5,0,0,0,20,0,0,100
"Monaghan",0,0,5,0,5,5,0,5,0,5,0,0,0,5,5,0,35
"N/A",0,0,5,0,0,5,5,60,0,0,5,0,20,30,15,5,145
"Offaly",0,0,5,0,0,5,0,0,0,0,0,0,0,0,5,0,20
"Roscommon",0,5,0,0,0,0,0,0,0,0,0,0,0,5,10,0,25
"Sligo",0,5,5,0,0,5,0,0,0,0,0,0,0,0,5,0,20
"Tipperary",0,0,0,0,0,5,5,0,0,0,0,5,20,0,0,5,45
"Unknown Ireland",0,0,0,0,0,0,0,0,0,0,0,0,0,0,0,0,0
"Waterford",0,0,0,0,0,0,10,5,0,0,0,0,15,0,0,0,35
"Westmeath",0,0,5,0,0,15,0,0,0,0,5,0,0,5,10,0,45
"Wexford",0,0,10,5,0,20,5,5,0,0,0,0,5,15,0,0,65
"Wicklow",0,0,10,10,0,5,0,15,0,5,0,0,0,65,0,0,110
"TOTAL",10,30,275,55,25,265,50,355,35,55,20,15,350,580,160,75,2355

### 2019_2020
"County","ATU Galway-Mayo","ATU Sligo","Dublin City University","Dun Laoghaire Institute of Art, Design and Technology","Dundalk IT","Maynooth University","SETU Waterford","Trinity College Dublin","TU Dublin Blanchardstown","TU Dublin City","TUS Athlone","TUS Limerick","University College Cork","University College Dublin","University of Galway","University of Limerick","Row_Total"
"Antrim",0,0,0,0,0,0,0,5,0,0,0,0,0,0,0,0,5
"Carlow",0,0,5,0,0,5,0,5,0,0,0,0,0,5,5,0,20
"Cavan",0,0,5,0,0,5,0,5,0,0,0,0,0,10,5,0,30
"Clare",0,0,0,0,0,0,0,5,0,0,0,5,10,0,10,5,35
"Cork",0,0,5,0,0,0,5,15,0,0,0,0,200,10,10,5,250
"Derry",0,0,0,0,0,0,0,0,0,0,0,0,0,0,0,0,0
"Donegal",0,5,10,0,0,0,0,0,0,0,0,0,0,5,15,5,40
"Dublin",0,0,185,35,0,85,0,170,25,35,0,0,5,335,5,0,885
"Fermanagh",0,0,0,0,0,0,0,0,0,0,0,0,0,0,0,0,0
"Galway",0,0,0,0,0,0,0,0,0,0,0,0,0,5,75,5,95
"Kerry",0,0,0,0,0,0,0,10,0,0,0,0,25,0,0,5,50
"Kildare",0,0,15,0,0,40,0,20,0,5,0,0,5,15,5,5,105
"Kilkenny",0,0,10,0,0,0,5,5,0,0,0,0,10,5,0,0,40
"Laois",0,0,0,0,0,5,0,0,0,0,0,0,0,5,5,0,25
"Leitrim",0,0,0,0,0,0,0,0,0,0,0,0,0,5,5,0,15
"Limerick",0,0,0,0,0,0,0,0,0,0,0,5,10,5,5,25,50
"Longford",0,0,0,0,0,5,0,0,0,0,0,0,0,5,0,0,20
"Louth",0,0,15,0,20,5,0,10,0,5,0,0,0,10,0,0,70
"Mayo",5,5,5,0,0,0,0,0,0,0,0,0,0,5,25,10,60
"Meath",0,0,35,0,0,25,0,10,5,0,0,0,0,20,0,0,100
"Monaghan",0,0,10,0,5,0,0,5,0,0,0,0,0,5,5,0,25
"N/A",0,0,5,5,0,5,5,70,0,0,0,0,15,30,10,0,140
"Offaly",0,0,0,0,0,5,0,0,0,0,0,0,5,5,5,5,30
"Roscommon",0,0,0,0,0,5,0,0,0,0,0,0,0,5,5,0,20
"Sligo",0,10,5,0,0,5,0,0,0,0,0,0,0,5,10,0,35
"Tipperary",0,0,5,0,0,0,5,10,0,0,0,0,20,5,5,15,60
"Tyrone",0,0,0,0,0,0,0,0,0,0,0,0,0,0,0,0,0
"Waterford",0,0,0,0,0,0,30,0,0,0,0,0,15,5,0,5,55
"Westmeath",0,0,5,0,0,5,0,0,0,0,5,0,0,5,5,5,35
"Wexford",0,0,10,5,0,5,10,5,0,0,0,0,5,10,5,0,50
"Wicklow",0,0,10,10,0,0,0,20,0,5,0,0,0,60,0,0,110
"TOTAL",10,30,345,60,30,215,65,370,35,55,20,15,330,570,215,95,2460

### 2020_2021
"County","ATU Galway-Mayo","ATU Sligo","Dublin City University","Dun Laoghaire Institute of Art, Design and Technology","Dundalk IT","Maynooth University","SETU Waterford","Trinity College Dublin","TU Dublin Blanchardstown","TU Dublin City","TUS Athlone","TUS Limerick","University College Cork","University College Dublin","University of Galway","University of Limerick","Row_Total"
"Antrim",0,0,0,0,0,0,0,0,0,0,0,0,0,5,0,0,10
"Carlow",0,0,5,0,0,0,0,0,0,0,0,0,0,0,5,0,15
"Cavan",0,0,5,0,5,5,0,0,0,0,0,0,0,5,5,0,30
"Clare",5,0,0,0,0,0,0,0,0,0,0,5,10,0,5,10,35
"Cork",0,0,5,0,0,0,0,10,0,0,0,0,225,5,0,10,255
"Donegal",0,5,5,0,0,5,0,5,0,0,0,0,5,0,10,0,35
"Down",0,0,0,0,5,0,0,0,0,0,0,0,0,0,0,0,5
"Dublin",0,0,175,50,5,70,0,185,30,30,0,0,5,385,0,0,935
"Fermanagh",0,0,0,0,0,0,0,0,0,0,0,0,0,0,0,0,0
"Galway",5,0,0,0,0,0,0,5,0,0,5,0,0,10,90,5,130
"Kerry",0,0,0,0,0,0,0,5,0,0,0,0,25,5,5,5,55
"Kildare",0,0,25,0,0,35,0,20,5,5,0,0,5,35,5,5,135
"Kilkenny",0,0,0,0,0,5,15,5,0,0,0,0,10,5,0,0,45
"Laois",0,0,0,0,0,5,0,0,0,0,0,0,0,5,5,0,25
"Leitrim",0,5,5,0,0,0,0,0,0,0,0,0,0,0,5,0,15
"Limerick",0,0,0,0,0,0,0,0,0,0,0,15,5,0,5,25,50
"Longford",0,0,5,0,0,0,0,0,0,0,0,0,0,0,0,0,10
"Louth",0,0,15,0,50,10,0,5,5,5,0,0,0,15,0,0,105
"Mayo",5,5,5,0,0,5,0,15,0,0,0,0,5,5,30,5,70
"Meath",0,0,35,0,15,30,0,25,5,5,0,0,0,25,0,0,150
"Monaghan",0,0,5,0,5,0,0,0,0,0,0,0,0,0,0,0,15
"N/A",0,0,5,0,0,5,0,65,0,0,0,0,15,35,15,5,150
"Offaly",0,0,5,0,0,5,0,0,0,0,0,0,0,5,5,0,25
"Roscommon",0,0,5,0,0,5,0,5,0,0,5,0,0,5,15,5,45
"Sligo",0,10,0,0,0,0,0,0,0,0,0,0,0,5,10,0,30
"Tipperary",0,0,0,0,0,0,5,5,0,0,0,0,25,5,5,10,60
"Tyrone",0,0,0,0,0,0,0,0,0,0,0,0,0,0,0,0,0
"Waterford",0,0,0,0,0,0,20,5,0,0,0,0,10,5,0,5,45
"Westmeath",0,0,5,0,0,5,0,0,0,0,10,0,0,10,15,0,50
"Wexford",0,0,10,5,0,10,10,5,0,0,0,0,5,20,0,5,70
"Wicklow",0,0,10,15,0,0,0,15,0,5,0,0,0,70,5,0,120
"TOTAL",15,30,325,80,85,205,65,395,40,55,30,25,355,675,240,110,2730

### 2021_2022
"County","ATU Galway-Mayo","ATU Sligo","Dublin City University","Dun Laoghaire Institute of Art, Design and Technology","Dundalk IT","Maynooth University","SETU Waterford","Trinity College Dublin","TU Dublin Blanchardstown","TU Dublin City","TUS Athlone","TUS Limerick","University College Cork","University College Dublin","University of Galway","University of Limerick","Row_Total"
"Antrim",0,0,0,0,0,0,0,0,0,0,0,0,0,0,0,0,5
"Carlow",0,0,5,0,0,0,5,0,0,0,0,0,0,5,5,0,25
"Cavan",0,0,10,0,0,5,0,0,0,0,0,0,0,5,10,0,40
"Clare",0,0,0,0,0,0,0,15,0,0,0,5,10,0,25,10,65
"Cork",0,0,5,0,0,0,5,10,0,0,0,0,210,5,15,10,265
"Donegal",0,0,10,0,0,5,0,0,0,0,0,0,0,5,15,0,40
"Down",0,0,0,0,0,0,0,0,0,0,0,0,0,0,5,0,10
"Dublin",0,0,200,45,5,80,0,200,40,50,0,0,5,360,10,0,990
"Fermanagh",0,0,0,0,0,0,0,0,0,0,0,0,0,0,0,0,0
"Galway",0,5,0,0,0,5,0,0,0,0,5,0,5,10,95,5,130
"Kerry",0,0,0,0,0,0,0,5,0,0,0,5,45,10,5,15,85
"Kildare",0,0,30,0,0,40,0,20,5,10,0,0,5,25,10,5,150
"Kilkenny",0,0,5,0,0,5,5,5,0,0,0,0,10,5,0,5,45
"Laois",0,0,0,0,0,10,0,0,0,0,0,0,5,0,10,0,30
"Leitrim",0,5,0,0,0,0,0,0,0,0,0,0,0,0,0,0,15
"Limerick",0,0,0,0,0,0,0,0,0,0,0,20,15,5,5,20,65
"Longford",0,5,0,0,0,5,0,0,0,0,0,0,0,5,5,0,20
"Louth",0,0,35,0,35,15,0,0,5,0,0,0,0,10,5,0,105
"Mayo",0,15,5,0,0,5,0,5,0,0,5,0,0,5,25,10,80
"Meath",0,0,40,0,10,30,5,20,5,5,0,0,5,25,5,0,145
"Monaghan",0,0,5,0,10,0,0,0,0,0,0,0,0,10,0,0,30
"N/A",0,0,15,0,5,5,0,125,0,0,5,0,30,35,10,0,235
"Offaly",0,0,5,0,0,5,0,5,0,0,0,0,0,5,5,5,35
"Roscommon",0,5,10,0,0,0,0,0,0,0,5,0,0,5,10,0,30
"Sligo",0,5,5,0,0,5,0,5,0,0,0,0,0,0,10,0,40
"Tipperary",0,0,0,0,0,5,5,10,0,0,0,5,20,0,5,15,70
"Waterford",0,0,0,0,0,0,15,0,0,0,0,0,15,0,5,5,40
"Westmeath",0,0,10,0,0,5,0,5,0,0,0,0,5,5,10,0,45
"Wexford",0,0,10,5,0,5,5,5,0,0,0,0,0,10,0,0,45
"Wicklow",0,0,10,5,0,10,0,15,0,10,0,0,0,60,0,0,110
"TOTAL",5,45,415,65,75,245,55,455,60,80,20,40,390,620,305,125,2995

### 2022_2023
"County","ATU Galway-Mayo","ATU Sligo","Dublin City University","Dun Laoghaire Institute of Art, Design and Technology","Dundalk IT","Mary Immaculate College, Limerick","Maynooth University","SETU Carlow","SETU Waterford","Trinity College Dublin","TU Dublin Blanchardstown","TU Dublin City","TUS Athlone","TUS Limerick","University College Cork","University College Dublin","University of Galway","University of Limerick","Row_Total"
"Antrim",0,0,0,0,0,0,0,0,0,0,0,0,0,0,0,0,0,0,5
"Armagh",0,0,0,0,0,0,0,0,0,0,0,0,0,0,0,0,0,0,0
"Carlow",0,0,5,5,0,0,0,5,0,0,0,0,0,0,5,0,5,0,30
"Cavan",0,0,10,0,0,0,5,0,0,0,0,0,0,0,0,5,5,0,30
"Clare",0,0,0,0,0,5,0,0,0,0,0,0,0,10,5,0,5,5,40
"Cork",0,0,0,0,0,0,0,0,10,15,0,0,0,10,310,5,5,15,375
"Donegal",0,5,5,0,0,0,5,0,0,0,0,0,0,0,0,5,10,0,30
"Down",0,0,0,0,0,0,0,0,0,0,0,0,0,0,0,0,0,0,5
"Dublin",0,0,220,35,10,0,105,0,0,190,20,45,0,0,5,370,10,5,1020
"Galway",5,0,5,0,0,0,0,0,0,5,0,0,5,0,5,5,100,5,145
"Kerry",0,0,5,0,0,0,0,0,0,5,0,0,0,5,30,0,10,15,70
"Kildare",0,0,20,5,0,0,45,5,0,20,0,15,0,0,5,20,5,5,155
"Kilkenny",0,0,5,0,0,0,5,0,5,0,0,0,0,0,5,5,5,0,40
"Laois",0,0,5,0,0,0,10,0,0,0,0,0,0,0,5,5,5,5,35
"Leitrim",0,5,0,0,0,0,0,0,0,0,0,0,0,0,0,0,5,0,15
"Limerick",0,0,0,0,0,0,0,0,0,5,0,0,0,30,10,0,5,25,75
"Longford",0,0,5,0,0,0,0,0,0,0,0,0,0,0,0,0,5,0,15
"Louth",0,0,15,0,55,0,20,0,0,5,0,5,0,0,0,10,5,0,120
"Mayo",0,0,5,0,0,0,0,0,0,5,0,0,5,0,0,5,30,10,65
"Meath",0,0,35,0,15,0,35,0,0,10,5,5,0,0,0,20,5,0,135
"Monaghan",0,0,5,0,5,0,5,0,0,0,0,0,0,0,0,5,0,0,25
"N/A",0,10,15,0,10,0,5,5,5,120,0,5,0,0,50,55,15,5,305
"Offaly",0,0,0,0,0,0,5,0,0,0,0,0,5,0,5,0,5,0,25
"Roscommon",0,5,5,0,0,0,5,0,0,0,0,0,5,0,0,5,15,5,40
"Sligo",0,15,5,0,0,0,0,0,0,0,0,0,0,0,0,0,5,0,35
"Tipperary",0,0,5,0,0,0,0,0,5,0,0,0,0,5,20,5,5,10,60
"Waterford",0,0,0,0,0,0,5,0,15,0,0,0,0,0,10,0,0,5,40
"Westmeath",0,0,5,0,0,0,5,0,0,0,0,0,0,0,5,0,15,5,45
"Wexford",0,0,5,5,0,0,20,5,5,5,0,0,0,0,5,15,0,0,65
"Wicklow",0,0,15,10,0,0,10,0,0,15,0,0,0,0,5,60,5,0,125
"TOTAL",10,50,400,65,95,10,300,20,45,420,30,85,25,75,485,615,290,135,3160

### 2023_2024
"County","ATU Galway-Mayo","ATU Sligo","Dublin City University","Dun Laoghaire Institute of Art, Design and Technology","Dundalk IT","Mary Immaculate College, Limerick","Maynooth University","National College of Ireland","SETU Carlow","SETU Waterford","Trinity College Dublin","TU Dublin Blanchardstown","TU Dublin City","TUS Athlone","TUS Limerick","University College Cork","University College Dublin","University of Galway","University of Limerick","Row_Total"
"Antrim",0,0,0,0,0,0,0,0,0,0,0,0,0,0,0,0,0,0,0,0
"Armagh",0,0,0,0,0,0,0,0,0,0,0,0,0,0,0,0,0,0,0,0
"Carlow",0,0,5,0,0,0,10,0,5,0,5,0,0,0,0,0,0,0,0,30
"Cavan",0,0,5,0,5,0,15,0,0,0,0,0,5,0,0,0,5,5,0,45
"Clare",0,0,0,0,0,0,5,0,0,0,0,0,0,0,5,5,0,15,15,50
"Cork",0,0,0,0,0,0,0,0,0,5,5,0,0,0,5,310,0,5,10,345
"Donegal",5,5,5,0,0,0,5,0,0,0,0,0,0,0,0,0,0,10,0,30
"Down",0,0,0,0,0,0,0,0,0,0,5,0,0,0,0,0,0,0,0,5
"Dublin",0,0,235,45,5,0,175,40,0,0,215,15,50,0,0,5,365,5,0,1160
"Fermanagh",0,0,0,0,0,0,0,0,0,0,0,0,0,0,0,0,0,0,0,0
"Galway",5,0,0,0,0,0,5,0,0,0,10,0,0,0,0,5,5,105,10,155
"Kerry",0,0,0,0,0,0,0,0,0,0,5,0,0,0,5,50,5,10,10,85
"Kildare",0,0,25,0,0,0,120,5,5,0,15,0,10,0,0,0,25,10,0,215
"Kilkenny",0,0,0,0,0,0,5,0,0,10,5,0,0,0,0,15,5,0,5,50
"Laois",0,0,5,0,0,5,10,0,5,0,0,0,0,5,0,0,5,5,5,50
"Leitrim",0,5,5,0,0,0,5,0,0,0,0,0,0,0,0,0,0,0,0,15
"Limerick",0,0,0,0,0,5,0,0,0,0,0,0,0,0,25,10,5,5,40,95
"Longford",0,0,0,0,0,0,10,0,0,0,0,0,0,0,0,0,0,0,0,20
"Louth",0,0,20,0,35,0,25,0,0,0,5,0,0,0,0,0,5,5,0,100
"Mayo",5,5,5,0,0,5,5,0,0,0,5,0,0,0,0,0,0,30,5,70
"Meath",0,0,45,0,5,0,90,5,0,0,20,0,10,0,0,0,20,10,0,205
"Monaghan",0,0,5,0,5,0,5,0,0,0,0,0,0,0,0,0,5,0,0,30
"N/A",0,5,20,0,0,0,15,15,0,5,170,0,0,5,0,40,70,35,5,385
"Offaly",0,0,0,0,0,0,10,0,0,0,0,0,5,5,0,5,0,10,5,45
"Roscommon",0,5,5,0,0,0,5,0,0,0,5,0,0,5,0,0,5,10,5,40
"Sligo",0,10,5,0,0,0,5,0,0,0,0,0,0,0,0,0,0,5,0,35
"Tipperary",0,0,0,0,0,5,0,0,0,5,5,0,0,0,10,15,0,5,20,65
"Waterford",0,0,0,0,0,0,0,0,0,20,0,0,0,0,0,15,0,0,10,55
"Westmeath",0,5,5,0,0,0,20,0,0,0,0,0,0,5,0,0,5,0,0,45
"Wexford",0,0,10,5,0,0,20,0,5,5,5,0,0,0,0,5,20,5,5,80
"Wicklow",0,0,5,10,0,0,15,5,0,0,15,0,5,0,0,0,65,10,0,125
"TOTAL",20,45,420,65,60,20,580,75,20,60,490,20,85,30,55,475,625,310,160,3620

### 2024_2025
"County","ATU Galway-Mayo","ATU Sligo","Dublin City University","Dun Laoghaire Institute of Art, Design and Technology","Dundalk IT","Mary Immaculate College, Limerick","Maynooth University","National College of Ireland","SETU Carlow","SETU Waterford","Trinity College Dublin","TU Dublin Blanchardstown","TU Dublin City","TUS Athlone","TUS Limerick","University College Cork","University College Dublin","University of Galway","University of Limerick","Row_Total"
"Antrim",0,0,0,0,0,0,0,0,0,0,5,0,0,0,0,0,0,0,0,5
"Carlow",0,0,0,0,0,0,15,0,10,5,0,0,0,0,0,0,0,5,0,35
"Cavan",0,0,5,0,0,0,25,0,0,0,0,0,0,0,0,0,5,5,0,50
"Clare",0,0,0,0,0,0,0,0,0,0,5,0,0,0,10,5,0,10,15,50
"Cork",0,0,5,0,0,0,5,0,0,5,5,0,0,0,0,300,5,5,10,340
"Derry",0,0,0,0,0,0,0,0,0,0,0,0,0,0,0,0,0,0,0,0
"Donegal",0,5,0,0,0,0,5,0,0,0,5,0,0,0,0,0,0,5,0,20
"Dublin",0,0,205,40,0,0,185,35,0,0,215,30,50,0,0,0,385,10,5,1160
"Galway",5,0,5,0,0,0,5,0,0,0,5,0,0,5,0,5,5,110,5,155
"Kerry",0,0,5,0,0,0,0,0,0,0,5,0,0,0,0,50,0,5,15,90
"Kildare",0,0,20,0,0,0,130,5,0,0,25,0,5,0,0,0,15,10,0,225
"Kilkenny",0,0,5,0,0,0,5,0,5,5,5,0,0,0,0,10,0,5,0,45
"Laois",0,0,5,0,0,0,20,0,5,0,5,0,0,0,0,5,0,5,5,55
"Leitrim",0,5,0,0,0,0,5,0,0,0,0,0,0,0,0,0,0,5,0,20
"Limerick",0,0,0,0,0,5,0,0,0,0,0,0,0,0,25,10,0,0,30,80
"Longford",0,0,0,0,0,0,15,0,0,0,0,0,0,0,0,0,0,5,0,25
"Louth",0,0,20,0,25,0,30,5,0,0,5,0,0,0,0,0,10,5,0,105
"Mayo",5,5,0,0,0,0,5,0,0,0,5,0,0,5,0,0,10,25,15,75
"Meath",0,0,50,5,10,0,105,0,0,0,10,5,5,0,0,0,20,5,0,225
"Monaghan",0,0,5,0,10,0,10,0,0,0,0,0,0,0,0,0,5,0,0,35
"N/A",0,0,20,5,0,0,10,15,5,0,120,0,5,0,0,40,55,25,10,310
"Offaly",0,0,0,0,0,0,15,0,0,0,0,0,0,0,0,5,5,5,5,45
"Roscommon",0,0,0,0,0,0,10,0,0,0,0,0,0,5,0,0,5,15,0,35
"Sligo",0,10,0,0,0,0,5,0,0,0,5,0,0,0,0,0,5,5,0,30
"Tipperary",0,0,0,0,0,0,0,0,0,5,0,0,0,0,5,20,5,5,15,65
"Tyrone",0,0,0,0,0,0,0,0,0,0,0,0,0,0,0,0,0,0,0,0
"Unknown Ireland",0,0,0,0,0,0,0,0,0,0,0,0,0,0,0,0,0,0,0,0
"Waterford",0,0,5,0,0,0,5,0,0,20,0,0,0,0,0,25,5,0,0,60
"Westmeath",0,0,5,0,0,0,30,5,0,0,0,0,0,5,0,0,5,0,5,55
"Wexford",0,0,5,0,0,0,15,0,0,15,5,0,0,0,0,0,15,0,5,70
"Wicklow",0,0,10,10,0,0,20,5,5,0,20,0,10,0,0,0,60,5,5,145
"TOTAL",20,35,380,65,45,15,680,75,35,55,460,40,80,30,50,480,620,280,155,3600
