### 2018_2019
"County","ATU Donegal","ATU Galway-Mayo","ATU Sligo","Dublin City University","Dun Laoghaire Institute of Art, Design and Technology","Dundalk IT","Maynooth University","MTU Cork","MTU Kerry","SETU Carlow","SETU Waterford","Trinity College Dublin","TU Dublin Blanchardstown","TU Dublin City","TU Dublin Tallaght","TUS Athlone","TUS Limerick","University College Cork","University College Dublin","University of Galway","University of Limerick","Row_Total"
"Antrim",0,0,0,0,0,0,0,0,0,0,0,5,0,0,0,0,0,0,0,5,0,10
"Armagh",0,0,0,0,0,5,0,0,0,0,0,0,0,0,0,0,0,0,0,0,0,10
"Carlow",0,0,0,5,0,0,20,0,0,60,20,0,0,5,0,0,0,0,10,5,5,130
"Cavan",0,10,5,10,0,5,15,0,0,0,0,0,5,15,0,5,0,0,10,5,0,95
"Clare",0,10,0,0,0,0,0,0,0,0,5,0,0,0,0,0,45,15,10,35,85,210
"Cork",0,5,0,5,0,0,5,370,0,5,25,10,0,0,0,0,10,435,10,20,60,960
"Donegal",130,10,15,15,0,0,15,0,0,0,0,5,0,0,0,0,0,0,10,25,0,230
"Down",0,0,0,0,0,10,0,0,0,0,0,5,0,0,0,0,0,0,5,0,0,15
"Dublin",5,5,0,255,65,10,170,0,0,5,15,155,90,535,230,0,0,5,330,20,0,1890
"Fermanagh",0,0,0,0,0,0,0,0,0,0,0,0,0,0,0,0,0,0,0,0,0,0
"Galway",5,125,5,10,0,0,5,0,0,0,0,5,0,0,0,5,5,0,15,225,25,425
"Kerry",0,0,0,0,0,0,0,50,55,0,0,0,0,0,0,0,5,60,10,20,45,250
"Kildare",0,5,0,35,0,0,105,0,0,55,15,15,10,60,15,5,0,5,40,15,15,390
"Kilkenny",0,0,0,10,0,0,5,5,0,15,60,0,0,5,0,0,5,15,10,10,20,170
"Laois",0,0,0,5,0,0,15,0,0,30,15,0,0,5,0,0,5,5,15,10,20,135
"Leitrim",0,5,10,5,0,0,5,0,0,0,0,0,0,0,0,0,0,0,5,5,0,35
"Limerick",0,0,0,0,0,0,0,5,0,0,5,5,0,0,0,0,125,30,10,25,130,335
"Longford",0,5,10,5,0,0,5,0,0,0,0,5,0,0,0,10,0,0,10,5,0,60
"Louth",5,0,0,30,0,120,35,0,0,0,0,0,0,10,0,0,0,0,15,5,0,225
"Mayo",5,60,20,10,0,0,5,0,0,0,0,5,0,5,0,10,5,0,5,70,35,235
"Meath",0,10,5,60,5,30,80,0,0,0,5,20,25,40,0,10,0,5,35,5,0,335
"Monaghan",0,0,0,10,0,30,5,0,0,0,0,0,0,5,0,0,0,0,10,0,0,70
"N/A",10,10,5,50,0,10,60,0,0,5,25,35,0,0,0,5,15,10,50,90,5,385
"Offaly",0,15,0,5,0,0,20,0,0,10,5,5,0,5,0,20,5,5,5,10,5,120
"Roscommon",0,20,10,5,0,0,5,0,0,0,5,0,0,0,0,15,0,0,5,25,5,100
"Sligo",5,5,50,5,0,0,5,0,0,0,0,5,0,0,0,0,0,0,10,20,0,105
"Tipperary",0,5,0,10,0,0,10,25,0,0,55,0,0,5,0,0,60,55,15,25,75,335
"Tyrone",0,0,0,0,0,0,0,0,0,0,0,0,0,0,0,0,0,0,0,0,0,0
"Unknown Ireland",0,0,0,0,0,0,0,0,0,0,0,0,0,0,0,0,0,0,0,0,0,5
"Waterford",0,0,0,5,0,0,5,10,0,0,145,5,0,0,0,0,0,25,5,5,20,220
"Westmeath",0,15,0,5,0,0,25,0,0,0,10,5,0,10,0,25,0,0,15,20,5,140
"Wexford",0,0,0,25,0,0,35,0,0,30,85,10,0,10,0,0,0,10,15,0,10,245
"Wicklow",0,0,0,10,20,0,20,0,0,20,10,10,0,55,10,0,0,0,50,10,0,220
"TOTAL",170,320,140,590,95,215,675,470,60,245,515,315,135,785,260,125,290,675,710,710,575,8080

### 2019_2020
"County","ATU Donegal","ATU Galway-Mayo","ATU Sligo","Dublin City University","Dun Laoghaire Institute of Art, Design and Technology","Dundalk IT","Maynooth University","MTU Cork","MTU Kerry","SETU Carlow","SETU Waterford","Trinity College Dublin","TU Dublin Blanchardstown","TU Dublin City","TU Dublin Tallaght","TUS Athlone","TUS Limerick","University College Cork","University College Dublin","University of Galway","University of Limerick","Row_Total"
"Antrim",0,0,0,0,0,0,0,0,0,0,0,5,0,0,0,0,0,0,0,0,0,10
"Armagh",0,0,0,0,0,0,0,0,0,0,0,0,0,0,0,0,0,0,5,0,0,5
"Carlow",0,0,0,10,0,0,10,0,0,55,10,5,5,5,0,0,0,0,5,10,5,125
"Cavan",5,10,5,10,0,5,20,0,0,0,0,5,5,5,0,5,0,0,10,5,0,95
"Clare",0,25,0,0,0,0,0,0,0,0,5,5,0,0,0,0,70,15,5,50,100,270
"Cork",0,0,0,5,0,0,5,410,5,0,20,10,0,0,0,0,10,435,15,25,65,1010
"Derry",5,0,0,0,0,0,0,0,0,0,0,0,0,0,0,0,0,0,0,0,0,5
"Donegal",120,5,15,20,0,0,30,0,0,0,0,0,0,0,0,0,0,0,10,30,0,235
"Down",0,0,0,0,0,10,0,0,0,0,0,0,0,0,0,0,0,0,0,0,0,10
"Dublin",10,0,0,290,60,15,225,0,0,5,35,150,130,460,215,5,0,0,380,25,0,2005
"Fermanagh",0,0,0,0,0,0,0,0,0,0,0,0,0,0,0,0,0,0,0,0,0,5
"Galway",0,135,5,10,0,0,10,0,0,0,0,10,0,0,0,15,5,0,15,245,25,480
"Kerry",0,5,0,0,0,0,5,35,40,0,5,0,0,5,0,0,15,65,5,20,60,260
"Kildare",0,0,0,40,0,0,145,0,0,40,20,20,15,40,35,0,5,0,30,15,15,430
"Kilkenny",0,0,0,10,0,0,10,5,0,10,90,5,0,0,0,0,0,20,15,10,25,200
"Laois",0,5,0,10,0,0,20,0,0,25,25,5,0,5,0,5,5,10,10,10,25,155
"Leitrim",0,0,10,5,0,0,5,0,0,0,5,0,0,0,0,0,0,0,0,5,5,40
"Limerick",0,5,0,5,0,0,0,5,5,0,5,0,0,0,0,0,100,30,10,25,145,340
"Longford",0,15,10,5,0,0,20,0,0,0,0,0,0,5,0,10,0,0,5,5,0,85
"Louth",5,0,0,50,0,120,40,0,0,5,5,5,5,20,0,0,0,0,15,0,0,265
"Mayo",5,40,10,20,0,0,10,0,0,0,0,5,0,5,0,5,10,0,10,60,35,215
"Meath",5,5,0,90,0,30,95,0,0,0,10,20,20,55,5,0,0,0,25,10,0,360
"Monaghan",5,5,0,15,0,25,10,0,0,0,0,5,0,5,0,0,0,0,10,10,0,90
"N/A",5,5,5,25,0,25,10,0,0,10,20,55,0,20,5,5,5,10,65,30,5,320
"Offaly",0,10,0,10,0,0,20,0,0,5,10,0,0,5,5,25,0,0,10,10,10,130
"Roscommon",0,20,5,5,0,0,10,0,0,0,10,0,0,0,0,15,0,0,10,15,10,110
"Sligo",0,5,50,10,0,0,5,0,0,0,0,0,0,0,0,0,0,0,10,30,10,120
"Tipperary",0,5,0,5,0,0,10,20,0,5,45,10,0,5,0,0,65,35,10,10,75,300
"Tyrone",0,0,0,0,0,0,0,0,0,0,0,0,0,0,0,0,0,0,0,0,0,0
"Waterford",0,0,0,0,0,0,5,20,0,5,150,5,0,0,0,0,0,35,5,0,20,245
"Westmeath",0,5,5,10,0,0,35,0,0,0,5,5,0,5,0,45,0,0,10,25,10,160
"Wexford",0,0,0,25,0,0,25,0,0,25,65,5,0,5,0,0,0,10,25,5,15,200
"Wicklow",0,0,0,15,15,0,20,0,0,20,10,10,5,70,15,0,0,0,45,5,5,245
"TOTAL",165,310,120,700,85,225,810,505,55,215,545,345,190,735,285,135,295,680,770,695,670,8525

### 2020_2021
"County","ATU Donegal","ATU Galway-Mayo","ATU Sligo","Dublin City University","Dun Laoghaire Institute of Art, Design and Technology","Dundalk IT","Maynooth University","MTU Cork","MTU Kerry","SETU Carlow","SETU Waterford","Trinity College Dublin","TU Dublin Blanchardstown","TU Dublin City","TU Dublin Tallaght","TUS Athlone","TUS Limerick","University College Cork","University College Dublin","University of Galway","University of Limerick","Row_Total"
"Antrim",0,0,0,0,0,0,0,0,0,0,0,5,0,0,0,0,0,0,5,0,0,15
"Armagh",0,0,0,0,0,0,0,0,0,0,0,0,0,0,0,0,0,0,0,0,0,0
"Carlow",0,0,0,10,0,0,10,0,0,50,25,0,0,5,5,0,0,0,5,5,10,125
"Cavan",5,5,15,15,0,10,15,0,0,0,0,5,10,5,0,10,0,0,5,15,0,120
"Clare",0,20,0,0,0,0,0,5,5,0,0,5,0,0,0,0,65,10,5,50,85,250
"Cork",0,0,0,0,0,0,5,430,0,0,20,15,0,0,0,0,10,475,5,15,85,1065
"Donegal",145,10,15,10,0,0,15,0,0,0,0,0,0,0,0,0,0,0,10,30,5,245
"Down",0,0,0,0,0,15,0,0,0,0,0,5,0,0,0,0,0,0,0,0,0,25
"Dublin",5,0,0,350,65,20,300,0,0,5,15,170,150,565,235,5,0,5,395,35,0,2330
"Fermanagh",0,0,0,0,0,0,0,0,0,0,0,0,0,0,0,0,0,0,0,0,0,0
"Galway",0,100,0,5,0,0,5,0,0,0,0,10,0,5,0,10,5,0,5,240,25,420
"Kerry",0,0,0,5,0,0,5,35,60,0,5,5,0,0,0,0,10,60,0,20,70,280
"Kildare",0,0,0,45,0,0,175,0,0,50,15,30,20,65,25,5,5,0,45,25,20,530
"Kilkenny",0,0,0,5,0,0,20,0,0,10,60,0,0,5,0,0,5,15,20,10,40,185
"Laois",0,5,0,5,0,0,15,0,0,25,20,5,0,5,0,0,5,0,10,20,15,145
"Leitrim",0,5,15,10,0,0,10,0,0,0,0,0,0,0,0,0,0,0,0,5,5,60
"Limerick",0,5,0,0,0,0,5,5,0,0,5,0,0,0,0,0,115,20,10,25,155,350
"Longford",0,10,5,10,0,0,15,0,0,0,0,0,0,5,5,20,0,0,5,5,0,90
"Louth",5,0,0,60,5,105,50,0,0,0,5,5,10,10,5,0,0,0,15,5,0,280
"Mayo",5,35,20,10,0,0,10,0,0,0,0,5,0,5,0,5,5,0,10,50,30,200
"Meath",0,0,0,95,5,30,100,0,0,5,10,20,40,55,5,5,0,0,30,10,5,410
"Monaghan",5,0,0,15,0,25,10,0,0,0,0,0,0,5,0,0,0,0,5,10,0,100
"N/A",0,5,0,60,5,20,10,5,0,5,20,60,0,10,5,15,5,15,70,40,15,360
"Offaly",0,15,0,5,0,0,30,0,0,0,5,0,0,5,5,25,5,0,10,15,15,135
"Roscommon",0,15,0,10,0,0,10,0,0,0,5,0,0,0,0,20,0,0,10,25,10,110
"Sligo",5,10,45,5,0,0,5,0,0,0,5,0,0,0,0,0,0,0,5,25,5,115
"Tipperary",0,0,0,0,0,0,10,20,0,5,35,5,0,5,0,0,45,45,5,15,100,300
"Tyrone",0,0,0,0,0,0,0,0,0,0,0,0,0,0,0,0,0,0,0,0,0,5
"Waterford",0,0,0,0,0,0,5,15,0,5,125,0,0,0,0,0,0,35,5,10,30,235
"Westmeath",0,15,5,10,0,0,35,0,0,0,0,5,0,5,0,30,5,0,5,25,10,150
"Wexford",0,0,0,25,0,0,40,0,0,40,95,5,5,10,0,0,5,15,20,5,15,280
"Wicklow",0,0,0,15,15,0,20,0,0,20,5,15,5,65,20,0,0,0,45,10,5,245
"TOTAL",190,255,120,790,100,235,940,520,65,230,475,385,250,840,320,160,290,705,775,745,755,9160

### 2021_2022
"County","ATU Donegal","ATU Galway-Mayo","ATU Sligo","Dublin City University","Dun Laoghaire Institute of Art, Design and Technology","Dundalk IT","Maynooth University","MTU Cork","MTU Kerry","SETU Carlow","SETU Waterford","Trinity College Dublin","TU Dublin Blanchardstown","TU Dublin City","TU Dublin Tallaght","TUS Athlone","TUS Limerick","University College Cork","University College Dublin","University of Galway","University of Limerick","Row_Total"
"Antrim",0,0,0,0,0,0,0,0,0,0,0,5,0,0,0,0,0,0,0,0,0,10
"Armagh",0,0,0,0,0,0,0,0,0,0,0,0,0,0,0,0,0,0,0,0,0,5
"Carlow",0,0,0,10,0,0,15,0,0,65,10,0,0,5,0,0,0,0,10,5,5,130
"Cavan",5,5,10,20,0,5,20,0,0,0,0,5,5,10,0,0,0,0,10,20,0,115
"Clare",0,30,0,5,0,0,5,0,0,0,5,5,0,0,0,0,50,20,0,35,115,275
"Cork",0,0,0,0,0,0,10,375,5,0,35,5,5,0,0,0,15,430,10,20,60,975
"Donegal",105,10,20,10,0,0,15,0,0,0,0,5,5,0,0,0,0,0,5,25,0,210
"Down",0,0,0,0,0,5,0,0,0,0,0,5,0,0,0,0,0,0,0,10,0,20
"Dublin",0,0,0,390,65,20,290,0,0,15,25,150,130,530,210,0,0,5,420,30,5,2290
"Fermanagh",0,0,0,0,0,0,0,0,0,0,0,0,0,0,0,0,0,0,0,0,0,0
"Galway",0,80,0,5,0,0,10,0,0,0,5,0,0,5,0,10,0,5,15,225,35,400
"Kerry",0,5,0,0,0,0,5,30,35,0,5,5,0,0,0,0,5,55,5,15,55,220
"Kildare",0,5,0,60,5,0,165,0,0,40,15,20,15,45,25,0,5,5,45,30,15,495
"Kilkenny",0,0,0,10,0,0,15,0,0,10,60,5,0,5,0,0,5,20,10,15,25,180
"Laois",0,0,0,5,0,0,15,0,0,20,15,0,0,0,0,0,5,5,5,10,20,125
"Leitrim",0,5,5,5,0,0,10,0,0,0,0,0,0,0,0,0,0,0,0,5,5,40
"Limerick",0,0,0,5,0,0,0,5,5,0,10,0,0,0,0,0,110,15,5,20,145,330
"Longford",0,10,0,10,0,0,10,0,0,0,0,0,0,5,0,10,0,0,5,10,0,65
"Louth",0,0,0,35,0,75,45,0,0,0,5,10,15,15,0,0,0,0,15,10,5,230
"Mayo",5,40,15,15,0,0,5,0,0,0,0,5,0,0,0,5,0,0,10,60,55,220
"Meath",5,5,0,75,5,30,120,0,0,0,5,10,30,30,5,0,0,5,20,15,5,370
"Monaghan",10,0,0,20,0,20,10,0,0,0,0,5,0,5,0,0,0,0,5,5,0,90
"N/A",0,0,0,20,0,25,10,5,0,5,0,85,0,10,0,10,10,20,60,25,5,305
"Offaly",0,10,0,10,0,0,20,0,0,5,5,5,0,5,0,25,0,0,5,10,25,120
"Roscommon",0,15,10,5,0,0,15,0,0,0,5,0,0,0,0,20,5,0,5,20,5,105
"Sligo",0,5,30,15,0,0,10,0,0,0,0,0,0,0,0,0,0,0,5,15,0,95
"Tipperary",0,0,0,5,0,0,15,20,0,5,40,10,0,0,0,0,40,25,10,15,100,285
"Tyrone",0,0,0,0,0,0,0,0,0,0,0,0,0,0,0,0,0,0,0,0,0,0
"Waterford",0,0,0,5,0,0,10,15,0,0,125,0,0,0,0,5,0,35,10,0,30,240
"Westmeath",0,5,0,10,0,5,20,0,0,0,5,5,0,10,0,35,0,0,15,20,10,140
"Wexford",0,0,0,20,0,0,45,5,0,20,85,5,0,20,0,0,0,10,25,5,20,260
"Wicklow",0,0,0,25,15,0,30,0,0,10,10,10,0,65,15,0,0,5,45,15,5,245
"TOTAL",145,245,110,790,105,185,940,455,45,210,465,360,215,770,270,145,250,670,785,680,755,8600

### 2022_2023
"County","ATU Donegal","ATU Galway-Mayo","ATU Sligo","Dublin City University","Dun Laoghaire Institute of Art, Design and Technology","Dundalk IT","Maynooth University","MTU Cork","MTU Kerry","SETU Carlow","SETU Waterford","Trinity College Dublin","TU Dublin Blanchardstown","TU Dublin City","TU Dublin Tallaght","TUS Athlone","TUS Limerick","University College Cork","University College Dublin","University of Galway","University of Limerick","Row_Total"
"Antrim",0,0,0,0,0,0,0,0,0,0,0,5,0,0,0,0,0,0,0,5,0,15
"Armagh",0,0,0,0,0,5,0,0,0,0,0,0,0,0,0,0,0,0,0,0,0,5
"Carlow",0,0,0,10,0,0,15,0,0,45,15,0,0,5,0,0,0,0,5,5,10,115
"Cavan",0,5,10,15,0,5,30,0,0,0,5,0,5,10,0,5,0,0,10,10,0,115
"Clare",0,15,0,5,0,0,5,0,0,0,0,0,0,0,0,0,45,15,0,45,100,230
"Cork",0,5,5,5,0,0,5,375,0,0,20,5,0,0,0,0,5,410,10,15,60,930
"Derry",0,0,0,0,0,0,0,0,0,0,0,0,0,0,0,0,0,0,5,0,0,5
"Donegal",110,5,25,10,0,0,15,0,0,0,0,5,0,0,0,0,0,0,5,20,0,200
"Down",0,0,0,0,0,5,0,0,0,0,0,0,0,0,0,0,0,0,5,0,0,10
"Dublin",5,0,0,345,50,10,395,0,0,5,20,135,130,520,195,0,0,5,450,25,0,2295
"Fermanagh",0,0,0,0,0,0,0,0,0,0,0,0,0,0,0,0,0,0,0,0,0,5
"Galway",0,125,5,5,0,0,10,0,0,0,0,5,0,0,0,10,0,5,15,245,40,475
"Kerry",0,0,0,0,0,0,5,35,40,0,5,5,0,0,0,0,15,40,5,20,65,235
"Kildare",0,5,0,65,0,0,205,0,0,30,15,20,10,50,35,0,5,5,50,30,15,535
"Kilkenny",0,0,0,10,0,0,15,5,0,15,60,5,0,0,0,0,5,10,15,5,20,165
"Laois",0,5,0,10,0,0,25,0,0,35,15,0,0,0,5,5,0,0,5,10,20,145
"Leitrim",0,5,15,5,0,0,5,0,0,0,0,0,0,0,0,0,0,0,0,5,5,50
"Limerick",0,0,0,0,0,0,5,5,0,0,5,5,0,0,0,0,80,10,10,15,155,300
"Longford",0,5,5,5,0,0,20,0,0,0,0,0,0,5,0,5,0,0,5,10,5,70
"Louth",0,0,0,40,0,95,60,0,0,0,5,10,5,15,5,0,0,0,15,10,0,255
"Mayo",5,25,10,5,0,0,10,0,0,0,0,0,0,0,0,5,5,0,5,60,45,185
"Meath",0,5,0,90,5,25,150,0,0,5,5,10,25,40,10,0,0,0,20,10,5,400
"Monaghan",0,0,10,10,0,30,20,0,0,0,0,0,5,5,0,0,0,0,5,10,0,90
"N/A",10,5,10,30,5,50,15,0,0,10,20,75,0,10,0,5,10,10,80,20,30,405
"Offaly",0,5,0,10,0,0,30,0,0,0,5,5,0,5,0,20,5,0,5,15,10,115
"Roscommon",0,5,5,5,0,0,20,0,0,0,5,5,0,0,0,15,0,0,5,25,10,105
"Sligo",5,5,55,10,0,0,5,0,0,0,0,0,0,0,0,0,0,0,5,15,5,110
"Tipperary",0,0,0,5,0,0,15,20,0,0,40,5,0,5,0,0,45,35,15,15,80,280
"Tyrone",0,0,0,0,0,0,0,0,0,0,0,0,0,0,0,0,0,0,0,0,0,0
"Waterford",0,0,0,0,0,0,5,10,0,0,140,5,0,0,0,5,5,15,5,0,30,230
"Westmeath",0,5,5,15,0,0,30,0,0,0,5,5,0,5,0,25,0,0,5,25,0,135
"Wexford",0,0,0,30,0,0,55,0,0,30,100,5,0,10,0,0,0,10,20,10,10,280
"Wicklow",0,0,0,15,15,0,50,0,0,15,10,15,0,60,10,0,0,0,50,5,5,255
"TOTAL",145,240,165,755,75,235,1235,450,45,205,495,320,190,755,275,110,235,585,835,685,725,8755

### 2023_2024
"County","ATU Donegal","ATU Galway-Mayo","ATU Sligo","Dublin City University","Dun Laoghaire Institute of Art, Design and Technology","Dundalk IT","Maynooth University","MTU Cork","MTU Kerry","National College of Ireland","SETU Carlow","SETU Waterford","Trinity College Dublin","TU Dublin Blanchardstown","TU Dublin City","TU Dublin Tallaght","TUS Athlone","TUS Limerick","University College Cork","University College Dublin","University of Galway","University of Limerick","Row_Total"
"Antrim",0,0,0,0,0,0,0,0,0,0,0,0,0,0,0,0,0,0,0,0,0,0,5
"Armagh",0,0,0,0,0,5,0,0,0,0,0,0,0,0,0,0,0,0,0,0,0,0,5
"Carlow",0,0,0,5,0,0,10,0,0,0,65,10,0,0,0,0,0,0,0,5,5,5,120
"Cavan",0,5,5,15,0,5,20,0,0,0,0,0,0,5,10,0,5,0,0,10,15,0,95
"Clare",0,10,0,0,0,0,5,0,0,0,0,0,0,0,0,0,0,55,10,0,50,95,245
"Cork",0,0,0,0,0,0,5,400,5,5,0,20,5,0,5,5,0,20,405,10,25,70,980
"Derry",0,0,0,0,0,0,0,0,0,0,0,0,0,0,0,0,0,0,0,0,0,0,5
"Donegal",110,10,15,0,0,0,10,0,0,0,0,0,0,0,0,0,0,0,0,10,20,0,185
"Down",0,0,0,0,0,10,0,0,0,0,0,0,0,0,0,0,0,0,0,0,0,0,15
"Dublin",0,0,0,385,50,15,370,0,0,200,5,30,145,110,495,215,0,0,5,435,35,5,2500
"Fermanagh",0,0,0,0,0,0,0,0,0,0,0,0,0,0,0,0,0,0,0,0,0,0,5
"Galway",0,135,5,0,0,0,10,0,0,0,0,5,5,0,0,0,10,5,0,10,240,35,465
"Kerry",0,0,0,5,0,0,0,25,45,0,0,0,0,0,5,0,0,10,35,5,20,80,235
"Kildare",0,0,0,60,0,0,235,0,0,10,50,25,15,10,55,25,0,0,0,45,25,20,585
"Kilkenny",0,0,0,15,0,0,10,5,0,0,15,65,0,0,5,0,0,5,25,10,0,15,170
"Laois",0,0,0,5,0,0,20,0,0,0,30,30,5,0,5,5,5,5,5,10,5,25,150
"Leitrim",0,5,10,5,0,0,10,0,0,0,0,5,0,0,0,0,0,0,0,5,10,0,60
"Limerick",0,0,0,0,0,0,5,0,0,0,0,5,0,0,0,0,0,85,10,5,20,160,295
"Longford",0,5,5,10,0,0,15,0,0,0,0,5,0,0,5,0,10,0,0,5,10,5,85
"Louth",0,0,0,35,0,135,45,0,0,5,0,5,10,5,15,5,0,0,0,15,5,0,290
"Mayo",0,35,20,5,0,0,10,0,0,0,0,5,0,0,5,0,0,5,0,5,55,45,195
"Meath",0,0,0,95,0,35,150,0,0,20,0,10,20,35,50,10,0,0,0,35,25,5,490
"Monaghan",0,0,10,5,0,25,10,0,0,0,0,0,0,0,5,0,0,0,0,10,10,0,85
"N/A",0,10,10,35,5,25,20,0,0,50,10,15,80,5,5,5,10,5,15,85,40,10,440
"Offaly",0,5,5,5,0,0,30,0,0,0,5,10,0,0,0,0,25,5,0,5,20,10,120
"Roscommon",0,10,15,5,0,0,15,0,0,0,0,5,0,0,0,0,15,0,0,10,30,15,125
"Sligo",0,0,55,5,0,0,5,0,0,0,0,0,0,0,0,0,0,0,0,5,15,5,100
"Tipperary",0,5,0,0,0,0,15,15,0,0,0,30,5,0,0,0,0,40,25,10,15,80,240
"Tyrone",0,0,0,0,0,0,0,0,0,0,0,0,0,0,0,0,0,0,0,0,0,0,5
"Unknown Ireland",0,0,0,0,0,0,0,0,0,0,0,0,0,0,0,0,0,0,0,0,0,0,0
"Waterford",0,0,0,0,0,0,10,10,0,0,0,125,5,0,0,0,0,0,25,10,0,30,225
"Westmeath",0,0,0,15,0,0,35,0,0,0,0,5,5,0,5,0,40,0,0,15,10,5,145
"Wexford",0,0,0,25,0,0,45,0,0,0,30,75,0,5,10,0,0,0,10,25,5,20,250
"Wicklow",0,5,0,15,20,0,45,0,0,10,15,5,10,0,75,10,0,0,0,80,5,5,300
"TOTAL",130,250,160,755,85,250,1170,460,55,310,230,490,325,180,755,295,125,245,580,880,730,745,9205

### 2024_2025
"County","ATU Donegal","ATU Galway-Mayo","ATU Sligo","Dublin City University","Dun Laoghaire Institute of Art, Design and Technology","Dundalk IT","Maynooth University","MTU Cork","MTU Kerry","National College of Ireland","SETU Carlow","SETU Waterford","Trinity College Dublin","TU Dublin Blanchardstown","TU Dublin City","TU Dublin Tallaght","TUS Athlone","TUS Limerick","University College Cork","University College Dublin","University of Galway","University of Limerick","Row_Total"
"Antrim",0,0,0,0,0,0,0,0,0,0,0,0,5,0,0,0,0,0,0,0,5,0,10
"Carlow",0,0,0,10,0,0,15,0,0,0,70,20,0,0,0,0,0,0,0,5,10,10,145
"Cavan",5,0,5,10,0,10,30,0,0,0,0,0,0,5,10,5,0,0,0,5,5,0,100
"Clare",0,10,0,0,0,0,5,0,0,0,0,0,0,0,0,0,0,65,5,0,30,70,195
"Cork",0,0,0,5,0,0,5,430,5,0,0,20,5,0,0,0,0,10,400,10,25,65,985
"Derry",0,0,0,0,0,0,0,0,0,0,0,0,0,0,0,0,0,0,0,0,0,0,0
"Donegal",115,5,20,5,0,0,5,0,0,0,0,0,0,0,0,0,0,0,0,5,10,5,175
"Down",0,0,0,0,0,10,0,0,0,0,0,0,0,0,0,0,0,0,0,0,0,0,10
"Dublin",0,5,0,410,55,20,380,0,0,190,10,30,140,130,515,235,0,0,0,475,30,5,2635
"Fermanagh",0,0,0,0,0,0,0,0,0,0,0,0,0,0,0,0,0,0,0,0,0,0,0
"Galway",0,120,5,0,0,0,5,0,0,0,0,0,0,0,0,0,10,5,0,10,260,40,470
"Kerry",0,0,0,5,0,0,5,30,50,0,0,0,0,0,0,0,0,10,60,5,15,50,230
"Kildare",0,0,0,55,0,0,225,0,0,10,55,20,15,10,30,30,0,5,5,55,30,15,560
"Kilkenny",0,0,0,15,0,0,25,5,0,0,15,60,0,0,0,0,0,0,15,15,5,25,185
"Laois",0,0,0,5,0,0,30,0,0,0,40,20,5,0,5,5,5,5,5,5,15,15,160
"Leitrim",5,15,10,5,0,0,15,0,0,0,0,0,5,0,0,0,0,0,0,5,10,5,70
"Limerick",0,0,0,0,0,0,0,0,0,0,0,5,5,0,0,0,0,105,20,5,15,165,325
"Longford",0,5,10,5,0,0,20,0,0,0,0,0,0,0,0,0,15,0,0,5,5,0,70
"Louth",0,0,0,45,0,135,50,0,0,5,0,5,5,5,10,5,0,0,0,10,0,0,285
"Mayo",0,35,15,5,0,0,5,0,0,0,0,0,0,0,5,0,0,5,0,10,60,45,200
"Meath",0,0,0,90,0,30,145,0,0,15,0,10,10,35,40,5,0,0,0,35,15,5,435
"Monaghan",0,5,5,10,0,25,15,0,0,0,0,0,0,0,0,0,0,0,0,10,5,0,80
"N/A",0,10,5,25,5,15,20,5,0,60,15,10,75,5,5,5,10,5,15,120,50,5,460
"Offaly",0,5,0,5,0,0,40,0,0,0,5,5,5,0,0,5,20,0,0,5,20,10,130
"Roscommon",0,10,5,5,0,0,15,0,0,0,0,0,5,0,0,0,20,0,0,5,25,5,105
"Sligo",5,5,45,15,0,0,15,0,0,0,0,0,0,0,0,0,0,0,0,5,20,5,115
"Tipperary",0,0,0,5,0,0,10,15,0,0,0,35,5,0,0,0,0,60,35,15,15,80,275
"Tyrone",0,0,0,0,0,0,0,0,0,0,0,0,0,0,0,0,0,0,0,0,0,0,5
"Unknown Ireland",0,0,0,0,0,0,0,0,0,0,0,0,0,0,0,0,0,0,0,0,0,0,0
"Waterford",0,0,0,10,0,0,15,10,0,5,0,160,0,0,5,0,0,5,20,10,5,20,270
"Westmeath",0,10,5,15,0,0,45,0,0,0,0,5,0,5,5,5,40,0,0,15,15,5,165
"Wexford",0,0,0,20,0,0,40,0,0,0,30,85,5,5,5,0,0,0,0,15,5,15,230
"Wicklow",0,0,0,10,20,0,40,0,0,10,20,10,10,0,70,20,0,0,0,80,10,5,310
"TOTAL",140,250,145,785,85,245,1210,510,60,300,265,520,310,210,720,315,135,280,590,935,720,675,9395
