### 2018_2019
"County","ATU Donegal","ATU Galway-Mayo","ATU Sligo","Dublin City University","Dundalk IT","Maynooth University","MTU Cork","MTU Kerry","Royal College of Surgeons","SETU Carlow","SETU Waterford","St. Angelas College of Home Economics, Sligo","Trinity College Dublin","TU Dublin Blanchardstown","TU Dublin City","TU Dublin Tallaght","TUS Athlone","TUS Limerick","University College Cork","University College Dublin","University of Galway","University of Limerick","Row_Total"
"Antrim",0,0,0,0,0,0,0,0,0,0,0,0,0,0,0,0,0,0,0,0,0,0,0
"Armagh",0,0,0,0,0,0,0,0,0,0,0,0,0,0,0,0,0,0,0,0,0,0,5
"Carlow",0,0,0,5,0,0,0,0,0,20,10,0,10,0,0,0,0,0,0,10,0,0,65
"Cavan",5,5,10,10,10,0,0,0,0,0,0,5,10,5,0,0,25,0,0,10,0,0,100
"Clare",0,10,0,0,0,0,0,10,0,0,5,0,5,0,0,0,5,45,20,10,15,20,145
"Cork",5,0,0,0,0,0,125,40,0,5,30,0,15,0,10,0,5,5,390,25,5,15,675
"Derry",0,0,0,0,0,0,0,0,0,0,0,0,0,0,0,0,0,0,0,0,0,0,5
"Donegal",170,5,30,5,0,5,0,0,0,0,0,5,10,0,0,0,0,0,0,10,10,0,255
"Down",0,0,0,0,10,0,0,0,0,0,0,0,0,0,0,0,0,0,0,0,0,0,15
"Dublin",5,0,5,150,25,30,0,5,40,10,0,0,310,125,115,45,5,0,10,265,20,0,1170
"Fermanagh",0,0,0,0,0,0,0,0,0,0,0,0,0,0,0,0,0,0,0,0,0,0,0
"Galway",5,25,20,5,0,0,0,0,5,5,0,15,25,0,5,0,60,5,10,15,90,10,290
"Kerry",0,0,0,0,0,0,15,105,5,0,0,0,10,0,5,0,0,5,60,10,0,5,225
"Kildare",0,0,0,20,5,5,0,5,5,35,15,0,75,10,15,5,5,0,5,35,5,5,255
"Kilkenny",0,0,0,5,0,0,0,0,0,20,60,0,10,0,0,0,0,0,25,15,5,5,155
"Laois",0,0,0,5,0,0,0,0,0,25,5,0,15,0,0,0,10,0,5,10,5,5,100
"Leitrim",5,0,15,5,0,0,0,0,0,0,0,5,0,0,0,0,5,0,0,5,5,0,50
"Limerick",0,0,0,0,0,0,10,20,5,0,5,0,10,0,0,0,0,65,35,10,5,40,210
"Longford",0,0,5,0,0,0,0,0,0,0,0,0,0,0,0,0,20,0,0,0,0,0,35
"Louth",5,0,0,25,95,5,0,0,0,5,0,0,20,5,10,0,0,0,5,10,5,0,180
"Mayo",5,35,45,10,0,0,0,0,5,0,0,5,20,0,0,0,10,0,0,15,25,5,180
"Meath",0,0,5,50,30,5,0,0,5,5,0,0,40,40,10,0,5,0,0,25,0,0,220
"Monaghan",15,0,10,10,25,0,0,0,0,5,0,0,5,0,5,0,0,0,0,5,5,0,90
"N/A",0,5,0,0,0,0,0,165,250,0,15,15,105,0,0,0,5,5,65,55,120,0,825
"Offaly",0,0,0,5,0,5,0,0,0,10,5,0,15,0,0,0,50,0,0,10,5,0,110
"Roscommon",10,5,15,5,0,0,0,0,0,5,0,5,10,0,0,0,30,0,0,5,10,5,100
"Sligo",10,0,50,10,0,0,0,0,0,0,0,15,10,0,0,0,5,0,0,5,5,0,120
"Tipperary",0,0,0,0,0,0,20,5,0,5,65,0,10,0,5,0,5,45,40,15,5,20,250
"Tyrone",0,0,0,0,0,0,0,0,0,0,0,0,0,0,0,0,0,0,0,0,0,0,5
"Unknown Ireland",0,0,0,0,5,0,0,0,0,0,0,0,0,0,0,0,0,0,0,0,0,0,5
"Waterford",0,0,0,5,0,0,10,0,0,5,90,0,5,0,0,0,0,0,25,15,0,5,165
"Westmeath",0,5,5,10,0,5,0,0,0,5,0,0,25,0,5,0,55,0,0,20,10,5,160
"Wexford",0,0,0,15,5,5,0,0,0,55,65,0,30,0,5,0,0,0,10,30,5,0,235
"Wicklow",0,0,0,10,0,0,0,0,5,25,10,0,45,5,10,0,0,0,0,40,5,0,160
"TOTAL",240,100,225,360,225,70,185,360,330,240,385,75,845,195,220,55,315,185,720,695,385,160,6565

### 2019_2020
"County","ATU Donegal","ATU Galway-Mayo","ATU Sligo","Dublin City University","Dundalk IT","Maynooth University","MTU Cork","MTU Kerry","Royal College of Surgeons","SETU Carlow","SETU Waterford","St. Angelas College of Home Economics, Sligo","Trinity College Dublin","TU Dublin Blanchardstown","TU Dublin City","TU Dublin Tallaght","TUS Athlone","TUS Limerick","University College Cork","University College Dublin","University of Galway","University of Limerick","Row_Total"
"Antrim",0,0,0,0,0,0,0,0,0,0,0,0,5,0,0,0,0,0,0,0,0,0,5
"Armagh",0,0,0,0,5,0,0,0,0,0,0,0,0,0,0,0,0,0,0,0,0,0,5
"Carlow",0,0,0,0,0,0,0,0,0,25,10,0,5,0,0,0,0,0,5,10,5,0,65
"Cavan",5,0,15,15,10,0,0,0,0,0,0,0,15,5,5,0,30,0,5,10,5,0,125
"Clare",5,5,0,0,0,0,0,5,0,0,0,0,10,0,5,0,5,45,15,5,10,25,140
"Cork",0,0,0,5,5,0,120,35,5,5,45,0,15,0,5,0,5,15,410,25,10,25,725
"Derry",0,0,0,0,0,0,0,0,0,0,0,0,0,0,0,0,0,0,0,0,0,0,0
"Donegal",185,5,25,5,0,0,0,0,0,0,0,5,10,0,5,0,0,0,10,10,10,5,265
"Down",0,0,0,0,20,0,0,0,0,0,0,0,5,0,0,0,0,0,0,0,0,0,25
"Dublin",5,0,5,150,20,20,0,5,30,10,5,0,320,100,115,50,5,0,35,265,20,0,1175
"Fermanagh",0,0,0,0,0,0,0,0,0,0,0,0,0,0,0,0,0,0,0,0,0,0,5
"Galway",5,30,10,5,0,0,0,5,0,0,0,5,25,0,5,0,50,0,25,10,125,10,310
"Kerry",0,0,0,0,0,0,10,120,5,0,0,0,5,0,0,0,5,5,55,5,10,10,235
"Kildare",0,0,0,25,5,5,0,0,5,40,10,0,80,15,15,0,15,0,5,25,5,0,255
"Kilkenny",5,0,0,5,0,0,0,0,0,15,65,0,5,0,0,0,0,0,15,15,5,5,140
"Laois",0,5,0,5,0,0,0,0,0,25,20,0,15,0,5,0,15,5,10,5,0,0,115
"Leitrim",5,0,15,5,0,0,0,0,0,0,0,10,5,0,0,0,5,0,0,5,5,0,50
"Limerick",0,5,0,0,0,0,5,20,0,0,5,0,0,0,5,0,5,80,50,10,10,50,250
"Longford",5,5,5,5,0,0,0,0,0,0,0,0,10,0,0,0,25,0,5,5,5,0,65
"Louth",0,0,5,15,95,0,0,0,10,5,0,0,15,5,10,0,0,0,0,10,0,0,175
"Mayo",10,35,30,10,0,0,0,0,5,0,0,5,15,0,5,0,15,5,5,10,35,0,185
"Meath",0,0,5,40,25,0,0,5,5,5,0,0,45,30,15,0,5,0,5,30,5,0,220
"Monaghan",5,0,5,5,20,0,0,0,0,0,0,0,5,0,10,0,5,0,0,5,5,0,70
"N/A",0,5,5,0,0,0,0,155,235,5,20,10,110,0,5,0,0,0,65,85,85,5,800
"Offaly",5,5,0,5,0,0,0,0,5,10,5,0,10,0,0,0,40,0,5,10,10,5,115
"Roscommon",10,5,10,0,0,0,0,0,0,0,0,0,10,0,0,0,30,0,5,5,10,0,90
"Sligo",5,5,60,5,0,0,0,0,0,0,0,25,20,0,0,0,5,0,0,10,15,0,145
"Tipperary",0,0,0,0,0,0,10,5,0,10,65,0,25,0,5,0,5,30,30,15,10,20,235
"Tyrone",0,0,0,0,0,0,0,0,0,0,0,0,0,0,0,0,0,0,0,0,0,0,5
"Unknown Ireland",0,0,0,0,0,0,0,0,5,0,0,0,0,0,0,0,0,0,0,0,0,0,5
"Waterford",0,0,0,5,0,0,5,0,0,5,115,0,10,0,5,0,0,0,25,10,0,10,190
"Westmeath",0,0,5,10,0,0,0,0,0,0,0,0,15,0,5,0,55,0,0,15,10,0,130
"Wexford",0,0,0,10,0,0,0,0,0,50,90,0,15,0,5,0,5,0,20,15,5,0,215
"Wicklow",0,0,0,10,5,0,0,0,0,20,10,0,30,10,15,5,5,0,0,45,0,0,160
"TOTAL",255,115,200,340,215,35,155,355,320,235,475,75,840,170,250,60,320,200,800,680,410,190,6700

### 2020_2021
"County","ATU Donegal","ATU Galway-Mayo","ATU Sligo","Dublin City University","Dundalk IT","Maynooth University","MTU Cork","MTU Kerry","Royal College of Surgeons","SETU Carlow","SETU Waterford","St. Angelas College of Home Economics, Sligo","Trinity College Dublin","TU Dublin Blanchardstown","TU Dublin City","TU Dublin Tallaght","TUS Athlone","TUS Limerick","University College Cork","University College Dublin","University of Galway","University of Limerick","Row_Total"
"Antrim",0,0,0,0,0,0,0,0,0,0,0,0,5,0,0,0,0,0,0,0,0,0,5
"Armagh",0,0,0,0,5,0,0,0,0,0,0,0,0,0,0,0,0,0,0,0,0,0,5
"Carlow",0,0,0,5,0,0,0,0,0,40,10,0,10,0,5,0,0,0,5,5,0,0,80
"Cavan",5,5,15,10,10,0,0,0,0,0,0,0,10,0,5,0,20,0,0,10,0,0,105
"Clare",5,10,0,0,0,0,0,5,0,5,5,0,10,0,0,0,5,55,15,5,15,25,165
"Cork",0,5,0,5,5,0,140,35,5,5,45,0,15,0,5,0,0,10,435,15,20,20,760
"Derry",0,0,0,0,0,0,0,0,0,0,0,0,0,0,0,0,0,0,0,0,0,0,0
"Donegal",205,10,25,5,0,0,0,0,0,0,0,0,15,0,0,0,0,0,10,10,5,5,290
"Down",0,0,0,0,20,0,0,0,0,0,0,0,0,0,0,0,0,0,0,0,0,0,25
"Dublin",5,0,5,135,20,10,0,5,35,15,10,0,355,120,140,45,10,0,15,300,20,0,1260
"Fermanagh",0,0,0,0,0,0,0,0,0,0,0,0,0,0,0,0,0,0,0,0,0,0,0
"Galway",5,25,15,5,0,0,0,0,5,0,0,10,15,0,5,0,70,5,25,25,110,10,320
"Kerry",0,5,0,0,0,0,15,130,5,0,5,0,10,0,0,0,0,10,55,5,10,10,265
"Kildare",0,0,0,15,0,0,0,0,10,50,15,0,75,15,15,10,10,0,15,35,15,5,295
"Kilkenny",0,0,0,5,0,0,0,0,0,20,55,0,5,0,5,0,5,0,20,10,0,0,140
"Laois",0,0,0,5,0,0,0,0,0,15,15,0,15,0,0,0,15,5,5,5,10,0,95
"Leitrim",5,0,15,5,0,0,0,0,0,0,0,5,0,0,0,0,5,0,0,5,0,0,50
"Limerick",0,5,0,0,0,0,5,25,5,0,10,0,0,0,0,0,5,70,40,5,10,55,230
"Longford",5,5,5,5,0,0,0,0,0,0,0,0,5,0,0,0,25,0,0,10,5,0,75
"Louth",0,0,0,15,75,0,0,0,5,0,0,0,25,10,5,0,5,0,5,10,5,0,165
"Mayo",20,35,30,5,0,0,0,0,5,0,0,10,15,0,5,0,20,0,10,10,20,10,185
"Meath",0,0,5,50,35,0,0,0,10,5,5,0,60,30,25,0,15,0,5,25,5,0,275
"Monaghan",15,0,5,5,20,0,0,0,0,0,0,0,10,0,5,0,5,0,0,5,0,0,85
"N/A",0,0,0,0,5,0,0,120,250,5,10,0,115,0,0,0,0,0,75,120,120,15,840
"Offaly",0,5,0,15,0,5,0,0,0,5,10,0,15,0,5,0,60,5,10,15,5,5,160
"Roscommon",5,5,15,5,0,0,0,0,5,0,0,5,5,0,0,0,25,0,0,10,15,5,95
"Sligo",10,0,45,0,0,0,0,0,0,0,0,15,10,0,0,0,5,0,10,5,15,0,115
"Tipperary",0,0,0,0,0,0,5,5,0,5,65,0,30,0,5,0,5,40,45,10,5,30,260
"Tyrone",0,0,0,0,0,0,0,0,0,0,0,0,0,0,0,0,0,0,0,0,0,0,0
"Waterford",0,0,0,0,0,0,0,0,0,5,135,0,5,0,0,0,0,0,35,5,5,5,215
"Westmeath",0,0,5,10,0,0,0,0,0,0,0,5,20,5,5,0,65,0,0,15,20,5,155
"Wexford",5,0,0,5,0,0,0,0,0,55,75,0,15,0,0,0,5,0,15,20,0,5,200
"Wicklow",0,0,0,5,0,0,0,0,5,25,10,0,20,0,15,5,0,0,5,50,0,0,140
"TOTAL",285,125,200,330,210,20,170,340,345,260,480,60,885,190,260,60,390,205,865,740,435,210,7065

### 2021_2022
"County","ATU Donegal","ATU Galway-Mayo","ATU Sligo","Dublin City University","Dundalk IT","Maynooth University","MTU Cork","MTU Kerry","Royal College of Surgeons","SETU Carlow","SETU Waterford","St. Angelas College of Home Economics, Sligo","Trinity College Dublin","TU Dublin Blanchardstown","TU Dublin City","TU Dublin Tallaght","TUS Athlone","TUS Limerick","University College Cork","University College Dublin","University of Galway","University of Limerick","Row_Total"
"Antrim",0,0,0,0,0,0,0,0,0,0,0,0,5,0,0,0,0,0,0,0,0,0,10
"Armagh",0,0,0,0,5,0,0,0,0,0,0,0,0,0,0,0,0,0,0,0,0,0,5
"Carlow",0,0,0,10,0,0,0,0,0,40,25,0,5,0,0,0,5,5,5,5,0,0,100
"Cavan",10,5,20,15,10,0,0,0,0,0,0,0,10,5,10,0,15,0,5,15,10,0,125
"Clare",0,15,0,0,0,0,0,5,5,0,0,5,25,0,0,0,10,40,15,5,20,25,170
"Cork",0,5,0,0,0,0,120,30,5,10,35,0,25,0,5,0,5,0,405,30,15,25,715
"Derry",0,0,0,0,0,0,0,0,0,0,0,0,5,0,0,0,0,0,0,0,0,0,5
"Donegal",175,5,25,10,0,0,0,0,0,0,0,5,5,0,5,0,0,0,5,5,15,5,260
"Down",0,0,0,0,10,0,0,0,0,0,0,0,5,0,0,0,0,0,0,0,0,0,15
"Dublin",5,5,5,180,25,20,0,0,40,10,5,5,315,75,110,45,5,0,20,280,20,5,1175
"Fermanagh",0,0,0,0,0,0,0,0,0,0,0,0,0,0,0,0,0,0,0,0,0,0,5
"Galway",5,30,10,5,0,0,0,0,5,0,0,15,0,0,5,0,45,0,20,20,110,10,290
"Kerry",0,0,0,0,0,0,10,120,0,0,0,0,10,0,5,0,0,5,50,10,5,10,230
"Kildare",5,0,0,35,5,0,0,5,5,40,20,0,85,15,10,5,10,0,15,45,5,5,310
"Kilkenny",0,0,0,5,5,0,5,0,0,10,65,0,10,0,5,0,0,5,20,15,5,5,160
"Laois",0,0,0,5,0,0,0,0,0,10,15,0,10,0,5,0,15,5,5,10,10,5,100
"Leitrim",5,0,10,5,0,0,0,0,0,0,0,5,5,0,0,0,5,0,0,5,0,0,45
"Limerick",0,10,0,0,0,0,0,30,0,0,10,0,0,0,5,0,0,60,45,10,10,55,245
"Longford",5,5,5,5,0,0,0,0,5,0,0,0,5,0,0,0,25,0,0,5,0,0,60
"Louth",5,0,0,30,65,0,0,0,10,5,0,0,20,5,10,0,5,0,5,15,5,0,175
"Mayo",5,30,25,5,0,0,0,0,5,0,0,5,20,0,5,0,15,5,10,15,20,15,190
"Meath",0,0,5,40,25,0,0,0,5,5,5,0,50,20,20,0,10,0,5,20,5,0,220
"Monaghan",10,0,5,15,25,0,0,0,0,0,0,0,5,5,5,0,10,0,0,10,0,0,95
"N/A",0,5,0,5,5,0,5,120,270,5,5,0,155,0,5,0,5,5,80,130,100,0,895
"Offaly",0,5,0,5,0,0,0,0,5,5,5,0,10,0,5,0,50,5,10,10,5,0,115
"Roscommon",10,5,10,10,0,0,0,0,0,0,0,5,10,0,5,0,20,5,5,5,5,5,100
"Sligo",10,0,40,5,0,0,0,0,0,0,0,20,5,0,5,0,5,0,5,10,5,5,115
"Tipperary",0,5,0,5,0,0,5,5,5,5,60,0,25,0,0,0,5,25,45,10,5,20,225
"Tyrone",0,0,0,0,0,0,0,0,0,0,0,0,0,0,0,0,0,0,0,0,0,0,0
"Unknown Ireland",0,0,0,0,0,0,0,0,0,0,0,0,0,0,0,0,0,0,0,0,0,0,0
"Waterford",0,0,0,0,0,0,5,0,0,0,135,0,10,0,0,0,0,0,30,5,0,5,200
"Westmeath",5,5,5,10,0,0,0,0,0,0,0,5,15,0,5,0,50,0,5,15,10,0,130
"Wexford",0,0,0,5,0,0,0,0,0,45,75,0,15,0,5,0,5,0,25,30,5,0,210
"Wicklow",0,0,0,5,0,0,0,0,5,20,5,0,25,0,15,5,5,0,5,55,5,5,155
"TOTAL",255,125,170,420,200,25,155,320,365,215,465,80,890,130,245,60,330,165,835,790,400,215,6855

### 2022_2023
"County","ATU Donegal","ATU Galway-Mayo","ATU Sligo","Dublin City University","Dundalk IT","Maynooth University","MTU Cork","MTU Kerry","Royal College of Surgeons","SETU Carlow","SETU Waterford","St. Angelas College of Home Economics, Sligo","Trinity College Dublin","TU Dublin Blanchardstown","TU Dublin City","TU Dublin Tallaght","TUS Athlone","TUS Limerick","University College Cork","University College Dublin","University of Galway","University of Limerick","Row_Total"
"Antrim",0,0,0,0,0,0,0,0,0,0,0,0,5,0,0,0,0,0,0,0,0,0,5
"Armagh",0,0,0,0,0,0,0,0,0,0,0,0,0,0,0,0,0,0,0,0,0,0,5
"Carlow",0,0,0,5,0,0,0,0,0,20,20,0,10,0,0,0,0,0,5,10,0,0,75
"Cavan",5,0,10,5,10,5,0,0,0,5,0,0,15,5,10,0,15,0,5,10,5,0,105
"Clare",0,0,0,0,0,0,0,5,5,0,0,0,5,0,5,0,10,30,15,5,15,35,135
"Cork",0,0,0,0,0,0,90,20,5,10,35,0,15,0,0,0,0,5,415,25,10,15,650
"Derry",0,0,0,0,0,0,0,0,0,0,0,0,0,0,0,0,0,0,0,0,0,0,5
"Donegal",180,0,30,5,0,0,0,0,0,0,0,5,10,0,0,0,0,0,10,10,10,0,265
"Down",0,0,0,0,5,0,0,0,0,0,0,0,5,0,0,0,0,0,0,0,0,0,15
"Dublin",5,0,0,145,30,35,0,0,65,10,0,0,370,65,115,35,15,0,50,295,30,5,1285
"Fermanagh",0,0,0,0,0,0,0,0,0,0,0,0,0,0,0,0,0,0,0,0,0,0,0
"Galway",0,30,10,0,0,0,0,5,5,0,0,10,20,0,0,0,45,0,20,15,100,10,280
"Kerry",0,0,0,0,0,0,5,110,0,0,0,0,10,0,0,0,0,5,60,10,10,15,235
"Kildare",0,0,0,30,0,10,0,5,10,50,10,5,70,0,20,5,10,0,15,35,5,5,290
"Kilkenny",0,0,0,5,0,0,0,0,5,15,45,0,5,0,10,0,0,0,25,15,5,5,135
"Laois",0,0,0,5,0,0,0,0,0,25,5,0,5,0,0,0,15,5,15,5,5,5,105
"Leitrim",5,0,10,0,0,0,0,0,0,0,0,5,0,0,0,0,0,0,0,5,5,0,45
"Limerick",0,0,0,0,0,0,0,15,5,0,5,5,5,0,0,0,0,45,45,5,15,60,220
"Longford",5,0,5,5,5,0,0,0,5,0,0,0,5,0,0,0,25,0,0,5,5,0,65
"Louth",5,0,0,25,75,0,0,0,0,5,0,0,25,5,5,0,5,0,5,10,5,5,170
"Mayo",15,35,30,5,0,0,0,0,5,0,0,10,10,0,5,0,10,5,10,5,35,10,190
"Meath",0,0,0,50,25,10,0,0,5,0,0,0,40,20,20,0,10,0,10,35,0,5,245
"Monaghan",5,0,5,5,20,0,0,0,0,0,0,5,10,0,5,0,0,0,0,5,0,0,65
"N/A",0,5,5,0,5,0,0,90,265,0,10,0,140,0,5,0,5,5,100,85,105,5,835
"Offaly",5,0,0,10,0,0,0,0,0,5,0,5,10,0,5,0,50,0,5,10,10,0,115
"Roscommon",5,0,15,5,0,0,0,0,0,0,0,5,5,0,0,0,20,0,5,15,10,0,90
"Sligo",10,0,40,0,0,0,0,0,0,0,0,10,5,0,5,0,0,0,10,5,5,0,95
"Tipperary",0,0,0,5,0,0,5,0,5,5,30,5,5,0,5,0,10,30,45,5,5,30,185
"Tyrone",0,0,0,0,0,0,0,0,0,0,0,0,0,0,0,0,0,0,0,0,0,0,5
"Waterford",0,0,0,0,0,0,5,0,0,5,90,0,10,0,0,0,0,0,30,10,5,5,165
"Westmeath",0,5,5,10,0,0,0,0,5,0,0,5,15,0,5,0,60,0,5,15,15,0,150
"Wexford",0,0,0,5,0,5,0,0,0,35,65,0,5,0,5,0,0,0,15,20,5,5,170
"Wicklow",0,0,0,10,0,0,0,0,10,10,10,0,25,0,15,5,0,0,0,35,10,5,140
"TOTAL",260,95,180,340,195,75,110,255,405,210,330,75,865,110,250,50,325,130,920,695,425,225,6535

### 2023_2024
"County","ATU Donegal","ATU Galway-Mayo","ATU Sligo","Dublin City University","Dundalk IT","Maynooth University","MTU Cork","MTU Kerry","Royal College of Surgeons","SETU Carlow","SETU Waterford","St. Angelas College of Home Economics, Sligo","Trinity College Dublin","TU Dublin Blanchardstown","TU Dublin City","TU Dublin Tallaght","TUS Athlone","TUS Limerick","University College Cork","University College Dublin","University of Galway","University of Limerick","Row_Total"
"Antrim",0,0,0,0,0,0,0,0,0,0,0,0,5,0,0,0,0,0,0,0,0,0,10
"Armagh",0,0,0,0,0,0,0,0,0,0,0,0,0,0,0,0,0,0,0,0,0,0,5
"Carlow",0,0,0,5,0,0,0,0,0,35,10,0,10,0,5,0,0,0,5,5,5,0,80
"Cavan",5,0,5,10,15,0,0,0,0,0,0,5,15,0,5,0,20,0,0,10,5,0,100
"Clare",0,5,5,0,0,0,0,10,5,0,0,0,5,0,0,0,5,25,25,5,25,35,155
"Cork",0,0,0,0,0,0,110,35,5,5,20,0,15,0,0,0,0,5,455,20,15,20,710
"Derry",0,0,0,0,0,0,0,0,0,0,0,0,0,0,0,0,0,0,0,0,0,0,0
"Donegal",190,5,30,5,0,0,0,0,0,0,0,5,5,0,5,0,0,0,20,0,15,0,270
"Down",0,0,0,0,5,0,0,0,0,0,0,0,5,0,0,0,0,0,0,0,0,0,10
"Dublin",5,0,5,210,25,15,0,5,100,10,0,5,335,65,140,50,5,0,30,285,35,5,1330
"Fermanagh",0,0,0,0,0,0,0,0,0,0,0,0,0,0,0,0,0,0,0,0,0,0,0
"Galway",0,30,15,5,0,0,0,0,10,0,0,10,15,0,0,0,55,5,20,25,115,10,320
"Kerry",0,0,0,0,0,0,5,130,0,0,0,0,10,0,0,0,0,5,50,5,5,10,235
"Kildare",0,0,0,25,0,0,0,0,15,35,5,0,85,5,30,0,10,0,20,50,10,5,310
"Kilkenny",0,0,0,5,0,0,0,0,0,15,55,0,5,0,5,0,0,0,25,10,0,10,140
"Laois",0,0,0,10,0,0,0,0,5,30,10,0,10,0,10,0,20,0,15,10,5,5,140
"Leitrim",5,0,10,0,0,0,0,0,0,0,0,5,5,0,0,0,0,0,5,5,5,5,50
"Limerick",0,0,0,0,0,0,5,20,5,0,5,0,10,0,0,0,5,55,35,10,10,65,220
"Longford",0,5,5,5,0,0,0,0,0,0,0,0,0,5,0,0,20,0,5,5,0,0,55
"Louth",0,0,0,25,125,0,0,0,5,5,0,0,15,0,5,0,5,0,10,10,5,0,215
"Mayo",10,25,20,5,0,0,0,0,0,0,0,10,10,0,0,0,10,0,10,15,25,15,165
"Meath",5,0,5,55,55,0,0,0,25,5,0,5,40,20,20,0,20,0,5,20,15,0,300
"Monaghan",10,0,5,5,30,0,0,0,0,0,0,0,5,0,5,0,0,0,0,5,5,0,75
"N/A",0,5,5,5,5,0,0,80,265,5,10,0,125,0,0,0,5,0,105,100,85,5,810
"Offaly",0,0,5,5,0,0,0,0,0,0,0,0,10,0,5,0,55,0,10,10,10,5,130
"Roscommon",5,5,15,5,0,0,0,0,10,0,0,5,5,0,0,0,35,0,5,10,15,0,125
"Sligo",5,5,45,0,0,0,0,0,0,0,0,15,10,0,0,0,0,0,10,5,5,0,105
"Tipperary",0,0,5,0,0,0,10,5,5,5,40,0,10,0,5,0,10,25,45,15,10,50,240
"Tyrone",0,0,0,0,0,0,0,0,0,0,0,0,0,0,0,0,0,0,0,0,0,0,0
"Waterford",0,0,0,0,0,0,5,0,0,5,100,0,10,0,5,0,0,0,25,10,5,5,175
"Westmeath",0,0,5,5,0,0,0,0,5,0,0,0,10,0,5,0,70,0,5,20,5,0,135
"Wexford",0,0,0,10,0,0,0,0,5,50,65,0,15,0,5,0,0,0,15,25,5,10,215
"Wicklow",0,0,0,15,0,0,0,0,5,20,5,0,35,0,10,0,0,0,0,40,5,0,145
"TOTAL",240,90,200,410,275,20,135,280,480,235,335,80,835,110,280,60,360,120,965,740,450,275,6970

### 2024_2025
"County","ATU Donegal","ATU Galway-Mayo","ATU Sligo","Dublin City University","Dundalk IT","Maynooth University","MTU Cork","MTU Kerry","Royal College of Surgeons","SETU Carlow","SETU Waterford","St. Angelas College of Home Economics, Sligo","Trinity College Dublin","TU Dublin Blanchardstown","TU Dublin City","TU Dublin Tallaght","TUS Athlone","TUS Limerick","University College Cork","University College Dublin","University of Galway","University of Limerick","Row_Total"
"Antrim",0,0,0,0,0,0,0,0,0,0,0,0,5,0,0,0,0,0,0,0,0,0,10
"Armagh",0,0,0,0,5,0,0,0,0,0,0,0,0,0,0,0,0,0,0,0,0,0,5
"Carlow",5,0,0,5,0,0,0,0,0,25,10,0,5,0,5,0,0,0,5,10,5,0,75
"Cavan",5,0,5,15,15,0,0,0,5,0,0,5,10,5,5,0,20,0,5,15,5,0,115
"Clare",0,5,5,0,0,0,0,10,0,0,0,0,10,0,5,0,10,30,15,5,20,45,165
"Cork",0,0,0,0,0,0,100,55,10,10,10,0,25,0,5,0,0,0,495,15,10,30,780
"Donegal",220,0,30,0,0,0,0,0,5,0,0,5,5,0,0,0,0,0,15,5,10,0,295
"Down",0,0,0,0,5,0,0,0,0,0,0,0,0,0,0,0,0,0,0,0,0,0,10
"Dublin",5,0,5,220,30,35,0,0,130,5,5,5,370,65,150,40,5,0,35,300,30,5,1445
"Fermanagh",0,0,0,0,0,0,0,0,0,0,0,0,0,0,0,0,0,0,0,0,0,0,0
"Galway",5,40,5,5,0,0,0,0,5,0,0,10,20,0,5,0,45,5,20,15,140,25,350
"Kerry",0,5,0,0,0,0,10,110,5,5,0,0,5,0,0,0,5,0,65,10,10,15,250
"Kildare",0,0,5,35,0,20,0,5,15,40,5,5,80,10,15,5,15,0,10,40,15,5,320
"Kilkenny",0,0,0,10,0,5,0,0,0,25,55,0,10,0,5,0,0,0,30,20,0,5,170
"Laois",0,0,0,5,0,0,0,0,5,35,10,0,15,0,5,0,30,0,5,5,10,5,140
"Leitrim",5,0,15,0,0,0,0,0,0,0,0,10,5,0,0,0,5,0,5,5,10,0,60
"Limerick",0,0,0,0,0,0,0,20,0,0,5,0,5,0,5,0,0,45,20,5,5,100,225
"Longford",5,0,10,5,0,0,0,0,5,0,0,5,5,0,0,0,25,0,0,10,5,0,65
"Louth",0,0,0,30,130,5,0,5,10,0,0,0,15,0,5,0,0,0,5,15,5,0,235
"Mayo",10,40,25,5,0,0,0,0,5,0,0,10,10,0,5,0,10,0,10,10,30,15,185
"Meath",0,0,0,50,45,5,0,0,25,0,0,5,40,30,25,0,15,0,10,15,5,5,280
"Monaghan",5,0,10,10,25,0,0,0,5,0,0,0,5,0,5,0,5,0,0,10,5,0,90
"N/A",0,5,5,5,5,0,0,80,265,5,5,0,145,5,5,0,5,5,95,90,105,5,835
"Offaly",0,5,5,5,0,0,0,0,5,5,0,0,10,0,5,0,50,0,10,10,15,10,135
"Roscommon",5,0,20,5,0,5,0,0,5,0,0,10,5,0,0,0,35,0,5,10,15,5,125
"Sligo",5,0,35,5,0,0,0,0,0,0,0,25,5,0,0,0,0,0,5,5,15,5,110
"Tipperary",5,0,5,5,0,0,5,5,5,5,25,0,5,0,5,0,5,25,50,10,10,60,225
"Tyrone",0,0,0,0,0,0,0,0,0,0,0,0,0,0,0,0,0,0,0,0,0,0,0
"Waterford",0,0,0,0,0,0,5,0,0,5,95,0,5,0,5,0,0,5,30,10,0,5,170
"Westmeath",0,0,5,10,0,5,0,0,5,0,0,0,20,0,5,0,80,0,5,10,10,5,160
"Wexford",0,0,0,10,0,5,0,0,5,35,60,0,15,0,5,0,0,0,10,25,5,10,195
"Wicklow",0,0,0,5,0,5,0,0,5,25,5,0,35,0,10,5,0,0,5,40,5,0,160
"TOTAL",295,120,195,440,275,90,130,290,535,230,300,100,890,115,300,50,365,130,955,720,500,365,7385
