### 2018_2019
"County","ATU Donegal","ATU Galway-Mayo","ATU Sligo","Dublin City University","Dun Laoghaire Institute of Art, Design and Technology","Dundalk IT","Mary Immaculate College, Limerick","Maynooth University","MTU Cork","MTU Kerry","National College of Art and Design","SETU Carlow","SETU Waterford","Trinity College Dublin","TU Dublin Blanchardstown","TU Dublin City","TU Dublin Tallaght","TUS Athlone","TUS Limerick","University College Cork","University College Dublin","University of Galway","University of Limerick","Row_Total"
"Antrim",0,0,0,0,0,0,0,0,0,0,0,0,0,10,0,0,0,0,0,0,0,0,0,10
"Armagh",0,0,0,0,0,0,0,0,0,0,0,0,0,0,0,0,0,0,0,0,0,0,0,5
"Carlow",0,5,0,15,5,0,5,25,5,0,0,20,10,0,0,10,0,0,0,5,10,0,10,115
"Cavan",0,5,5,25,5,5,0,30,0,0,0,0,0,0,0,5,0,0,5,0,5,15,0,105
"Clare",0,5,0,0,0,0,50,0,5,0,0,0,0,10,0,0,0,0,20,5,5,30,60,200
"Cork",0,0,0,0,10,0,15,5,95,5,10,0,5,25,0,0,0,0,20,575,10,15,30,825
"Derry",0,0,0,0,0,0,0,0,0,0,0,0,0,5,0,0,0,0,0,0,0,5,0,10
"Donegal",45,5,5,15,0,0,0,50,0,0,0,0,0,5,0,5,0,0,0,0,5,80,5,235
"Down",0,0,0,0,0,0,0,0,0,0,0,0,0,5,0,0,0,0,0,0,5,5,0,15
"Dublin",0,5,5,350,125,10,0,310,0,0,125,0,5,275,40,265,30,5,5,10,400,20,5,1995
"Fermanagh",0,0,0,0,0,0,0,0,0,0,0,0,0,5,0,0,0,0,0,0,0,0,0,5
"Galway",0,60,5,5,5,5,10,10,0,0,5,0,0,15,0,10,0,5,30,0,5,335,15,520
"Kerry",0,0,0,0,0,0,15,5,10,20,5,0,0,5,0,5,0,0,20,70,5,20,25,210
"Kildare",0,0,5,40,15,0,0,205,0,0,15,25,5,40,5,30,5,5,5,5,35,25,10,475
"Kilkenny",0,0,0,15,5,0,5,25,5,0,0,10,15,10,0,0,0,0,5,15,10,15,15,155
"Laois",0,0,0,5,0,0,5,25,0,0,0,10,5,5,0,5,0,0,5,5,10,10,25,125
"Leitrim",0,0,5,5,0,0,0,10,0,0,0,0,0,0,0,0,0,5,0,0,0,10,0,50
"Limerick",0,0,0,0,0,0,90,0,5,0,0,0,0,5,0,0,0,0,45,25,5,20,105,310
"Longford",0,5,0,10,0,0,0,15,0,0,0,0,0,0,0,5,0,5,0,0,0,10,5,55
"Louth",0,0,0,45,10,35,0,65,0,0,10,0,0,10,0,20,0,0,5,0,15,10,0,230
"Mayo",0,10,5,10,0,0,10,15,0,0,0,0,0,5,0,10,0,5,5,5,0,90,30,205
"Meath",0,5,0,70,5,15,0,155,0,0,20,0,0,30,10,45,0,0,0,0,35,20,0,420
"Monaghan",0,0,5,15,0,5,0,15,0,0,5,0,0,5,0,5,0,0,0,0,5,10,0,75
"N/A",5,5,5,115,15,35,0,320,0,0,10,5,10,145,0,25,0,0,5,30,90,135,5,965
"Offaly",0,5,0,10,5,0,10,30,0,0,0,5,0,5,0,5,0,5,5,0,0,10,15,110
"Roscommon",0,5,5,5,0,0,0,25,0,0,0,0,0,5,0,5,0,0,5,0,5,45,10,120
"Sligo",0,5,15,10,0,0,0,15,0,0,0,0,0,5,0,5,0,0,0,0,0,25,5,90
"Tipperary",0,5,0,5,0,0,45,10,10,0,5,5,10,5,0,0,0,0,35,45,5,15,60,255
"Tyrone",0,0,0,0,0,0,0,0,0,0,0,0,0,5,0,0,0,0,0,0,0,0,0,5
"Unknown Ireland",0,0,0,0,0,0,0,0,0,0,0,0,0,0,0,0,0,0,0,0,0,0,0,0
"Waterford",0,0,0,0,5,0,10,10,15,0,5,5,45,5,0,0,0,0,10,50,5,0,15,185
"Westmeath",0,5,0,15,10,0,0,45,0,0,5,0,0,5,0,10,0,10,5,0,5,30,5,155
"Wexford",0,0,0,35,20,0,5,65,5,0,5,30,25,10,0,15,0,0,0,20,30,5,10,280
"Wicklow",0,0,0,10,45,0,0,20,0,0,15,10,0,30,0,30,5,0,5,0,80,5,0,265
"TOTAL",65,135,70,835,300,120,285,1515,150,35,245,130,140,690,60,515,45,55,245,870,785,1025,465,8780

### 2019_2020
"County","ATU Donegal","ATU Galway-Mayo","ATU Sligo","Dublin City University","Dun Laoghaire Institute of Art, Design and Technology","Dundalk IT","Mary Immaculate College, Limerick","Maynooth University","MTU Cork","MTU Kerry","National College of Art and Design","SETU Carlow","SETU Waterford","St. Angelas College of Home Economics, Sligo","Trinity College Dublin","TU Dublin Blanchardstown","TU Dublin City","TU Dublin Tallaght","TUS Athlone","TUS Limerick","University College Cork","University College Dublin","University of Galway","University of Limerick","Row_Total"
"Antrim",0,0,0,0,0,0,0,0,0,0,0,0,0,0,15,0,0,0,0,0,0,5,5,0,25
"Armagh",0,0,0,0,0,0,0,0,0,0,0,0,0,0,0,0,0,0,0,0,0,0,0,0,0
"Carlow",0,0,0,10,5,0,0,25,0,0,5,20,5,0,5,0,5,0,0,0,5,5,10,10,110
"Cavan",0,0,5,20,0,5,0,30,0,0,0,0,0,0,5,0,5,0,0,0,0,5,20,5,105
"Clare",0,5,0,0,0,0,40,0,0,0,0,0,0,0,0,0,5,0,0,50,5,5,45,60,220
"Cork",0,5,0,5,10,0,15,5,125,5,5,0,0,0,15,0,5,0,0,20,555,5,30,25,830
"Derry",5,0,0,0,0,0,0,0,0,0,0,0,0,0,5,0,0,0,0,0,0,0,0,0,10
"Donegal",60,5,5,15,0,0,0,40,0,0,5,0,0,0,10,0,10,0,0,0,0,5,65,5,230
"Down",0,0,0,0,0,5,0,0,0,0,0,0,0,0,5,0,0,0,0,0,0,0,0,0,10
"Dublin",5,5,0,265,150,10,0,360,0,0,115,0,5,0,305,50,265,35,0,5,10,375,20,0,1990
"Fermanagh",0,0,0,0,0,0,0,0,0,0,0,0,0,0,0,0,0,0,0,0,0,0,0,0,0
"Galway",0,55,0,5,10,0,15,5,5,0,0,0,0,0,5,0,5,0,5,10,5,5,335,20,495
"Kerry",0,0,0,0,0,0,20,5,15,15,0,0,0,0,5,0,0,0,0,15,60,10,15,30,195
"Kildare",0,0,0,25,15,0,0,225,0,0,15,20,5,0,25,10,50,5,0,5,5,50,25,15,500
"Kilkenny",0,0,0,10,5,0,5,25,0,0,5,10,20,0,5,0,5,0,0,10,30,5,10,15,160
"Laois",0,0,0,10,0,0,5,25,0,0,0,5,5,0,0,0,10,0,5,10,5,10,15,25,135
"Leitrim",0,0,10,5,0,0,0,5,0,0,0,0,0,0,0,0,5,0,0,0,0,5,15,0,50
"Limerick",0,5,0,0,0,0,70,0,5,0,0,0,0,0,0,0,0,0,0,65,15,0,15,120,310
"Longford",0,0,5,5,0,5,0,10,0,0,0,0,0,0,0,0,5,0,5,0,0,0,15,0,55
"Louth",0,0,0,45,0,30,0,40,0,0,10,0,0,0,15,5,25,0,0,0,0,25,15,0,220
"Mayo",5,30,10,5,5,0,10,15,0,0,0,0,0,5,10,0,5,0,0,10,0,5,85,30,235
"Meath",0,0,0,65,5,10,0,175,0,0,15,0,0,0,25,15,40,0,0,5,0,30,10,5,420
"Monaghan",5,0,0,20,5,15,0,25,0,0,0,0,0,0,0,0,5,0,0,0,0,10,15,0,110
"N/A",0,5,5,5,15,45,0,15,0,0,30,5,5,0,155,0,25,0,0,5,25,105,45,5,505
"Offaly",0,5,0,5,0,0,5,25,0,0,0,5,0,0,5,0,5,0,5,10,0,0,25,25,130
"Roscommon",0,5,5,5,0,0,0,10,0,0,0,0,0,0,5,0,0,0,10,5,0,5,45,5,110
"Sligo",0,0,10,5,0,0,0,15,0,0,5,0,0,0,0,0,5,0,0,0,0,5,35,5,90
"Tipperary",0,0,0,5,5,0,40,5,15,0,5,5,10,0,10,0,0,0,0,35,55,0,10,65,265
"Tyrone",0,0,0,0,0,0,0,0,0,0,0,0,0,0,0,0,0,0,0,0,0,0,0,0,5
"Unknown Ireland",0,0,0,0,0,0,0,0,0,0,0,0,0,0,0,0,0,0,0,0,0,0,0,0,0
"Waterford",0,0,0,0,5,0,10,5,10,0,5,5,50,0,5,0,5,0,0,5,45,0,10,20,185
"Westmeath",0,5,0,10,5,0,5,55,0,0,0,0,0,0,5,0,10,0,15,5,0,15,35,5,175
"Wexford",0,5,0,20,20,0,5,60,0,0,0,30,20,0,10,0,15,0,0,5,15,25,10,15,250
"Wicklow",0,0,0,10,35,0,0,30,0,0,10,10,0,0,30,0,35,0,0,5,0,70,10,5,260
"TOTAL",85,155,75,580,300,135,250,1225,195,30,240,115,145,20,695,85,540,45,60,285,845,785,990,520,8390

### 2020_2021
"County","ATU Donegal","ATU Galway-Mayo","ATU Sligo","Dublin City University","Dun Laoghaire Institute of Art, Design and Technology","Dundalk IT","Mary Immaculate College, Limerick","Maynooth University","MTU Cork","MTU Kerry","National College of Art and Design","SETU Carlow","SETU Waterford","St. Angelas College of Home Economics, Sligo","Trinity College Dublin","TU Dublin Blanchardstown","TU Dublin City","TU Dublin Tallaght","TUS Athlone","TUS Limerick","University College Cork","University College Dublin","University of Galway","University of Limerick","Row_Total"
"Antrim",0,0,0,0,0,0,0,0,0,0,0,0,0,0,15,0,0,0,0,0,0,5,5,0,25
"Armagh",0,0,0,0,0,0,0,0,0,0,0,0,0,0,0,0,0,0,0,0,0,0,0,0,5
"Carlow",0,0,0,15,5,0,0,20,5,0,0,20,10,0,5,0,5,0,0,5,5,10,5,10,125
"Cavan",0,10,0,15,0,5,0,35,0,0,0,0,0,0,10,5,10,0,0,0,0,10,15,0,120
"Clare",0,10,0,0,5,0,25,0,5,0,0,0,0,0,5,0,0,0,0,45,5,5,40,65,210
"Cork",0,0,0,0,5,0,15,5,155,0,5,0,5,0,15,0,5,0,0,25,525,0,10,45,825
"Derry",0,0,0,0,0,0,0,0,0,0,0,0,0,0,0,0,0,0,0,0,0,0,5,0,5
"Donegal",45,5,5,15,0,0,0,25,0,0,5,0,0,0,10,0,5,0,0,5,5,10,50,5,185
"Down",0,0,0,0,0,5,0,0,0,0,0,0,0,0,10,0,0,0,0,0,0,0,0,0,20
"Dublin",5,5,0,265,160,15,0,375,0,5,125,5,0,0,360,45,235,25,0,5,10,440,20,5,2095
"Fermanagh",0,0,0,0,0,0,0,0,0,0,0,0,0,0,0,0,0,0,0,0,0,0,0,0,0
"Galway",0,60,5,0,5,0,10,5,5,0,5,0,0,0,10,0,5,0,5,25,10,5,345,25,520
"Kerry",0,0,0,0,0,0,20,0,15,20,0,0,0,0,5,0,0,0,0,15,70,5,15,35,205
"Kildare",0,0,0,25,15,5,0,220,5,0,30,15,5,0,45,5,50,0,0,10,0,35,20,15,515
"Kilkenny",0,0,0,10,0,0,5,20,10,0,0,10,15,0,10,0,0,0,0,10,20,10,5,25,155
"Laois",0,0,0,5,0,0,10,25,0,0,5,5,0,5,5,0,5,0,5,10,5,5,15,15,115
"Leitrim",0,0,5,5,5,0,0,10,0,0,0,0,0,0,5,0,0,0,0,0,0,5,15,5,65
"Limerick",0,0,0,0,0,0,45,0,5,0,0,0,0,5,0,0,5,0,0,75,20,0,10,125,295
"Longford",0,0,0,5,0,0,0,15,0,0,0,0,0,0,0,0,0,0,5,0,0,5,20,5,65
"Louth",0,0,0,45,5,45,0,60,0,0,20,0,0,0,10,5,15,0,0,0,0,15,10,0,230
"Mayo",0,15,10,5,5,0,10,15,0,0,0,0,0,0,5,0,5,0,5,15,5,10,95,40,240
"Meath",0,0,0,65,10,20,0,175,0,0,15,0,5,0,35,15,45,0,5,5,0,35,10,0,450
"Monaghan",5,0,5,20,5,10,0,25,0,0,0,0,0,0,0,0,5,0,0,0,0,5,5,0,95
"N/A",5,10,0,25,10,25,0,10,10,0,15,5,5,0,155,0,20,0,0,10,30,95,75,20,515
"Offaly",0,5,0,5,0,0,5,45,0,0,5,0,0,0,5,0,5,0,0,5,0,5,20,15,115
"Roscommon",0,5,5,0,0,0,0,20,0,0,0,0,0,0,10,0,0,0,0,5,0,5,45,10,115
"Sligo",5,5,10,5,5,0,0,5,0,0,10,0,0,0,5,0,5,0,0,0,0,10,30,5,100
"Tipperary",0,5,0,0,5,0,55,5,5,0,0,0,15,5,20,0,5,0,0,35,40,5,15,50,265
"Tyrone",0,0,0,0,0,0,0,0,0,0,0,0,0,0,0,0,0,0,0,0,0,0,0,0,0
"Waterford",0,0,0,5,0,0,10,10,5,0,0,0,50,0,10,0,0,0,0,15,55,5,5,25,195
"Westmeath",0,5,0,10,0,0,0,65,0,0,0,0,0,0,5,0,5,0,15,5,0,10,40,5,180
"Wexford",0,0,0,25,20,0,5,65,5,0,0,20,35,0,15,0,10,0,5,5,10,30,5,15,285
"Wicklow",0,5,0,15,50,0,0,20,0,0,10,5,0,0,35,0,25,5,0,0,0,95,5,5,280
"TOTAL",70,155,65,590,320,125,220,1270,240,30,265,85,160,25,820,75,475,30,55,320,825,885,950,570,8620

### 2021_2022
"County","ATU Donegal","ATU Galway-Mayo","ATU Sligo","Dublin City University","Dun Laoghaire Institute of Art, Design and Technology","Dundalk IT","Mary Immaculate College, Limerick","Maynooth University","MTU Cork","MTU Kerry","National College of Art and Design","SETU Carlow","SETU Waterford","St. Angelas College of Home Economics, Sligo","Trinity College Dublin","TU Dublin Blanchardstown","TU Dublin City","TU Dublin Tallaght","TUS Athlone","TUS Limerick","University College Cork","University College Dublin","University of Galway","University of Limerick","Row_Total"
"Antrim",0,0,0,0,0,0,0,0,0,0,0,0,0,0,10,0,0,0,0,0,0,0,5,0,15
"Armagh",0,0,0,0,0,0,0,0,0,0,0,0,0,0,0,0,0,0,0,0,0,0,0,0,0
"Carlow",0,0,0,5,5,0,5,15,5,0,0,15,5,0,5,0,0,0,0,5,5,5,5,5,90
"Cavan",0,5,5,15,5,5,0,30,0,0,0,0,0,0,10,0,5,0,0,0,0,0,15,0,100
"Clare",0,15,0,5,0,0,35,0,5,0,0,0,0,0,15,0,5,0,0,30,5,0,45,55,225
"Cork",0,0,5,0,5,0,15,5,125,5,0,0,5,0,10,0,5,0,0,30,490,10,25,35,770
"Derry",0,0,0,0,0,0,0,0,0,0,0,0,0,0,5,0,0,0,0,0,0,0,0,0,10
"Donegal",25,5,15,15,0,0,0,20,0,0,0,0,0,0,5,0,0,0,0,0,0,10,50,10,175
"Down",0,0,0,0,0,0,0,0,0,0,0,0,0,0,15,0,0,0,0,0,0,5,5,0,20
"Dublin",0,5,0,270,150,10,0,365,0,0,115,0,0,0,315,50,260,20,0,5,5,445,25,5,2055
"Fermanagh",0,0,0,0,0,0,0,0,0,0,0,0,0,0,0,0,0,0,0,0,0,0,0,0,5
"Galway",0,50,5,5,5,0,10,5,10,0,5,0,0,0,0,0,15,0,5,15,15,10,315,25,495
"Kerry",0,5,0,5,0,0,10,5,10,15,0,0,0,0,5,0,5,0,0,15,50,5,15,45,195
"Kildare",0,5,0,25,15,5,0,215,0,0,25,10,5,0,45,10,30,5,5,15,5,45,35,20,515
"Kilkenny",0,0,0,10,5,0,5,15,5,0,5,5,10,0,5,0,0,0,0,5,20,5,10,10,125
"Laois",0,0,0,5,5,0,10,30,0,0,5,5,5,0,5,0,5,0,5,15,0,5,25,20,140
"Leitrim",0,0,5,0,0,0,0,10,0,0,0,0,0,0,5,0,0,0,0,0,0,5,10,0,45
"Limerick",0,0,0,0,0,0,70,5,0,0,0,0,0,0,0,0,0,0,0,60,20,5,20,105,290
"Longford",0,0,5,10,0,0,0,15,0,0,0,0,0,0,0,0,5,0,5,0,0,0,10,0,60
"Louth",0,0,0,55,10,40,0,45,0,0,10,0,0,0,15,0,20,0,0,0,5,10,15,0,225
"Mayo",0,15,10,10,0,0,10,10,5,0,5,0,0,0,5,0,5,0,5,10,5,5,85,25,210
"Meath",0,0,5,70,10,10,0,150,0,0,20,0,0,0,35,10,40,0,0,0,0,30,15,5,415
"Monaghan",0,0,0,25,5,10,0,15,0,0,0,0,0,0,0,0,0,0,0,0,5,5,5,5,80
"N/A",0,5,5,5,25,50,5,5,15,0,10,5,0,0,230,0,40,0,0,20,55,165,45,10,700
"Offaly",0,5,0,5,0,0,5,45,0,0,0,0,0,0,5,0,0,0,5,10,5,5,20,15,130
"Roscommon",0,5,10,5,0,0,0,15,0,0,0,0,0,0,0,0,0,0,5,5,5,5,35,10,105
"Sligo",0,5,25,5,0,0,0,5,0,0,0,0,0,0,5,0,5,0,0,5,0,5,30,5,110
"Tipperary",0,0,0,0,5,0,40,5,10,0,0,0,10,5,10,0,0,0,0,55,45,5,15,60,260
"Tyrone",0,0,0,0,0,0,0,0,0,0,0,0,0,0,0,0,0,0,0,0,0,0,0,0,5
"Waterford",0,0,0,0,0,0,5,5,10,0,5,0,50,0,15,0,5,0,0,5,60,5,5,30,195
"Westmeath",0,5,5,15,0,0,0,40,0,0,0,0,0,0,5,0,10,0,10,0,0,10,30,5,145
"Wexford",0,0,0,15,20,0,0,40,0,0,15,15,10,0,10,0,10,0,0,5,15,25,5,15,215
"Wicklow",0,5,5,5,45,0,0,35,0,0,10,5,0,0,35,5,35,0,0,0,5,65,15,5,280
"TOTAL",40,135,125,580,320,140,230,1155,205,30,240,75,100,25,825,80,500,30,60,320,820,905,940,515,8395

### 2022_2023
"County","ATU Donegal","ATU Galway-Mayo","ATU Sligo","Dublin City University","Dun Laoghaire Institute of Art, Design and Technology","Dundalk IT","Mary Immaculate College, Limerick","Maynooth University","MTU Cork","MTU Kerry","National College of Art and Design","SETU Carlow","SETU Waterford","St. Angelas College of Home Economics, Sligo","Trinity College Dublin","TU Dublin Blanchardstown","TU Dublin City","TU Dublin Tallaght","TUS Athlone","TUS Limerick","University College Cork","University College Dublin","University of Galway","University of Limerick","Row_Total"
"Antrim",0,0,0,0,0,0,0,0,0,0,0,0,0,0,5,0,0,0,0,0,0,0,0,0,10
"Armagh",0,0,0,0,0,0,0,0,0,0,0,0,0,0,0,0,0,0,0,0,0,0,0,0,5
"Carlow",0,0,0,5,0,0,0,20,5,0,10,15,5,0,5,0,5,0,0,0,5,5,10,10,100
"Cavan",0,0,5,20,10,5,0,35,0,0,0,0,0,0,5,0,5,0,0,5,0,5,10,0,115
"Clare",0,10,0,0,0,0,45,0,0,0,5,0,0,0,5,0,0,0,0,25,5,0,45,50,200
"Cork",0,5,0,0,10,0,10,5,115,5,0,0,5,0,15,0,5,0,0,15,480,5,20,25,725
"Derry",0,0,0,0,0,0,0,0,0,0,0,0,0,0,0,0,0,0,0,0,0,0,5,0,5
"Donegal",35,5,5,5,0,0,0,15,0,0,0,0,0,0,5,5,5,0,0,0,5,5,30,0,135
"Down",0,0,0,0,0,0,0,0,0,0,0,0,0,0,5,0,0,0,0,0,0,0,0,0,10
"Dublin",0,5,5,290,150,10,0,270,0,0,140,0,0,5,310,35,255,20,0,5,10,380,20,5,1925
"Fermanagh",0,0,0,0,0,0,0,0,0,0,0,0,0,0,0,0,0,0,0,0,0,0,0,0,0
"Galway",0,55,5,0,10,0,10,5,5,0,5,0,0,5,15,0,10,0,5,15,5,5,310,35,490
"Kerry",0,5,0,0,0,0,15,5,10,10,0,0,0,0,5,0,0,0,0,15,70,5,25,50,215
"Kildare",0,5,5,30,25,0,0,175,0,0,30,15,5,0,35,5,45,0,0,5,5,45,30,15,480
"Kilkenny",0,0,0,5,0,0,5,20,0,0,5,10,20,0,15,0,5,0,0,5,15,10,5,20,150
"Laois",0,5,0,0,0,0,0,25,5,0,0,5,5,0,5,0,10,0,5,5,5,10,25,20,135
"Leitrim",5,5,5,5,5,0,0,15,0,0,0,0,0,0,5,0,5,0,0,0,0,5,15,0,60
"Limerick",0,0,5,0,0,0,50,5,5,0,0,0,0,0,5,0,0,0,0,85,15,0,20,130,320
"Longford",0,0,5,10,5,0,0,15,0,0,0,0,0,0,0,0,5,0,5,0,0,5,10,0,60
"Louth",0,0,0,70,5,40,0,45,0,0,15,0,0,0,15,0,15,0,5,0,0,15,10,0,245
"Mayo",0,20,15,5,0,0,15,5,5,0,0,0,0,0,10,0,0,0,5,10,5,5,80,35,225
"Meath",0,5,0,75,10,20,5,115,5,0,20,0,0,0,45,15,35,0,0,0,5,50,10,0,405
"Monaghan",0,0,0,10,5,10,0,10,0,0,5,0,0,0,0,0,5,0,0,0,5,5,10,0,70
"N/A",5,10,25,10,30,85,0,10,15,0,15,5,5,0,250,5,40,0,5,15,75,205,50,15,875
"Offaly",0,5,0,5,5,0,10,20,0,0,5,0,0,0,5,0,0,0,5,5,0,5,20,20,105
"Roscommon",0,5,10,5,0,0,0,15,0,0,0,0,0,0,5,0,5,0,0,5,0,5,30,10,105
"Sligo",0,0,30,5,5,0,0,15,0,0,0,0,0,0,0,0,0,0,0,0,0,5,15,5,90
"Tipperary",0,0,0,5,0,0,35,5,5,0,0,0,15,0,5,0,0,0,0,25,30,5,10,50,195
"Tyrone",0,0,0,0,0,0,0,0,0,0,0,0,0,0,0,0,0,0,0,0,0,0,0,0,5
"Waterford",0,0,0,0,0,0,5,5,10,0,0,0,55,0,5,0,0,0,0,5,55,5,10,25,190
"Westmeath",0,5,5,5,0,0,0,30,0,0,5,0,0,0,5,0,5,0,5,5,5,10,30,5,120
"Wexford",0,0,5,30,15,0,5,35,5,0,10,25,20,0,10,0,15,0,0,5,20,35,10,30,265
"Wicklow",0,0,0,15,45,0,0,30,0,0,20,5,5,0,35,0,30,0,0,0,5,90,10,5,300
"TOTAL",55,160,135,610,335,180,215,945,195,20,295,85,140,20,835,65,510,25,55,260,820,925,880,560,8330

### 2023_2024
"County","ATU Donegal","ATU Galway-Mayo","ATU Sligo","Dublin City University","Dun Laoghaire Institute of Art, Design and Technology","Dundalk IT","Mary Immaculate College, Limerick","Maynooth University","MTU Cork","MTU Kerry","National College of Art and Design","SETU Carlow","SETU Waterford","Trinity College Dublin","TU Dublin Blanchardstown","TU Dublin City","TU Dublin Tallaght","TUS Athlone","TUS Limerick","University College Cork","University College Dublin","University of Galway","University of Limerick","Row_Total"
"Antrim",0,0,0,0,0,0,0,0,0,0,0,0,0,5,0,0,0,0,0,0,0,5,0,15
"Armagh",0,0,0,0,0,0,0,0,0,0,0,0,0,0,0,0,0,0,0,0,0,0,0,5
"Carlow",0,0,0,5,0,0,0,10,0,0,0,15,5,5,0,5,0,0,5,0,5,10,5,65
"Cavan",0,5,5,15,5,5,0,35,0,0,5,0,0,5,0,10,0,0,5,0,5,15,0,115
"Clare",0,15,0,0,5,0,35,0,0,0,0,0,0,5,0,5,0,0,25,10,5,35,45,190
"Cork",0,5,5,0,5,0,5,0,145,0,5,0,5,10,0,0,0,5,25,480,5,20,25,750
"Derry",0,0,0,0,0,0,0,0,0,0,0,0,0,0,0,0,0,0,0,0,0,0,0,0
"Donegal",35,5,10,5,0,0,0,10,0,0,5,0,0,10,0,5,0,0,5,0,5,30,5,135
"Down",0,0,0,0,0,0,0,0,0,0,0,0,0,0,0,0,0,0,0,0,0,5,0,10
"Dublin",0,5,5,315,165,20,0,270,5,0,145,0,0,335,35,230,20,0,0,5,445,20,0,2025
"Fermanagh",0,0,0,0,0,0,0,0,0,0,0,0,0,0,0,0,0,0,0,0,0,0,0,0
"Galway",0,75,5,0,5,0,15,5,5,0,5,0,0,5,0,5,0,10,15,10,5,340,20,520
"Kerry",0,5,0,0,0,0,20,0,20,15,0,0,0,10,0,0,0,0,15,55,0,15,30,190
"Kildare",0,5,5,20,15,5,0,155,5,0,25,20,5,30,5,50,5,0,5,5,45,20,5,425
"Kilkenny",0,0,0,10,5,0,0,10,5,0,0,5,15,10,0,0,0,0,5,20,5,10,10,115
"Laois",0,5,0,0,0,0,10,20,5,0,0,5,5,5,0,5,0,0,10,5,15,10,15,110
"Leitrim",0,0,10,5,0,0,0,5,0,0,0,0,0,0,0,0,0,0,0,0,5,5,0,40
"Limerick",0,0,0,0,0,0,75,0,5,0,0,0,0,0,0,0,0,0,70,20,0,15,115,300
"Longford",0,0,0,10,0,0,0,15,0,0,0,0,0,0,0,5,0,0,0,0,5,20,0,60
"Louth",0,0,0,60,5,40,0,30,0,0,10,0,0,20,0,20,0,0,0,0,15,10,5,220
"Mayo",0,20,15,5,0,0,10,10,0,0,0,0,0,5,0,5,0,5,5,0,5,65,40,195
"Meath",0,5,5,60,15,15,0,120,0,0,10,0,0,35,15,35,0,5,0,0,35,40,0,395
"Monaghan",0,0,5,15,0,15,0,5,0,0,0,0,0,5,0,5,0,0,0,0,5,10,0,70
"N/A",0,20,15,10,30,45,0,20,20,0,10,10,5,240,0,25,0,10,15,75,215,70,15,850
"Offaly",0,5,0,0,5,0,5,30,0,0,0,5,0,5,0,5,0,10,5,0,5,20,10,105
"Roscommon",0,5,5,5,5,0,0,5,0,0,0,0,0,5,0,5,0,10,0,0,5,40,5,95
"Sligo",0,5,25,5,5,0,0,5,0,0,0,0,0,5,0,5,0,0,0,0,5,20,5,85
"Tipperary",0,0,0,0,0,0,40,5,10,0,0,0,15,0,0,5,0,0,25,20,10,15,70,220
"Tyrone",0,0,0,0,0,0,0,0,0,0,0,0,0,0,0,0,0,0,0,0,0,0,0,5
"Waterford",0,0,0,0,5,0,5,5,10,0,0,5,80,5,0,0,0,0,10,35,5,5,10,185
"Westmeath",0,5,5,5,5,0,0,30,0,0,5,0,0,5,0,0,0,10,5,0,10,20,10,115
"Wexford",0,5,0,30,25,0,0,30,5,0,10,20,30,15,0,10,0,0,10,10,20,5,20,240
"Wicklow",0,0,0,15,55,0,0,25,0,0,15,5,5,35,0,40,0,0,0,0,105,10,5,320
"TOTAL",50,190,125,600,355,150,230,855,240,20,255,90,170,815,55,465,30,75,260,760,985,905,485,8170

### 2024_2025
"County","ATU Donegal","ATU Galway-Mayo","ATU Sligo","Dublin City University","Dun Laoghaire Institute of Art, Design and Technology","Dundalk IT","Mary Immaculate College, Limerick","Maynooth University","MTU Cork","MTU Kerry","National College of Art and Design","SETU Carlow","SETU Waterford","Trinity College Dublin","TU Dublin Blanchardstown","TU Dublin City","TU Dublin Tallaght","TUS Athlone","TUS Limerick","University College Cork","University College Dublin","University of Galway","University of Limerick","Row_Total"
"Antrim",0,0,0,0,0,0,0,0,0,0,0,0,0,5,0,0,0,0,0,0,0,0,0,10
"Armagh",0,0,0,0,0,0,0,0,0,0,0,0,0,0,0,0,0,0,0,0,0,0,0,5
"Carlow",0,0,0,10,0,0,0,15,0,0,0,20,10,5,0,0,0,0,0,0,5,5,5,85
"Cavan",0,5,10,10,0,5,0,25,0,0,0,0,0,5,0,5,0,0,0,0,5,15,5,90
"Clare",0,10,0,0,0,0,35,0,5,0,0,0,0,5,0,0,0,0,45,10,0,25,60,200
"Cork",0,10,0,0,5,0,20,0,150,0,5,0,10,5,0,5,0,5,20,480,0,15,20,755
"Derry",0,0,0,0,0,0,0,0,0,0,0,0,0,0,0,0,0,0,0,0,0,0,0,0
"Donegal",35,5,10,5,0,0,0,15,0,0,0,0,0,5,0,5,0,0,0,0,5,25,5,120
"Down",0,0,0,0,0,0,0,0,0,0,0,0,0,0,0,0,0,0,0,0,0,0,0,5
"Dublin",0,10,0,320,180,10,0,230,5,0,145,0,5,310,35,275,25,0,0,5,395,10,5,1965
"Fermanagh",0,0,0,0,0,0,0,0,0,0,0,0,0,0,0,0,0,0,0,0,0,0,0,5
"Galway",0,80,5,5,0,0,10,10,5,0,0,0,0,10,0,5,0,15,5,5,0,300,20,480
"Kerry",0,5,0,0,5,0,15,0,15,10,0,0,0,5,0,5,0,0,10,60,5,20,35,190
"Kildare",0,5,0,25,10,0,0,140,0,0,25,10,5,40,5,40,5,0,5,0,35,20,10,375
"Kilkenny",0,0,0,10,0,0,5,10,0,0,0,5,35,5,0,5,0,0,10,15,5,5,20,130
"Laois",0,5,0,5,5,0,10,20,0,0,5,5,5,10,0,5,0,5,0,5,5,5,15,110
"Leitrim",0,5,10,0,0,0,0,10,0,0,0,0,0,5,0,0,0,0,0,0,5,10,0,50
"Limerick",0,0,0,0,0,0,60,0,0,0,0,0,0,5,0,0,0,0,55,15,0,15,95,255
"Longford",0,0,10,10,0,0,0,20,0,0,0,0,0,0,0,0,0,5,0,0,5,10,5,75
"Louth",0,5,0,55,5,50,0,25,0,0,10,0,0,15,5,15,0,0,0,0,10,5,5,205
"Mayo",0,20,15,10,0,0,10,5,0,0,5,0,0,5,0,5,0,0,5,0,0,75,35,195
"Meath",0,5,5,65,10,20,0,100,0,0,15,0,0,30,15,45,0,0,5,0,30,10,5,360
"Monaghan",0,0,5,10,5,10,0,10,0,0,0,0,0,5,0,5,0,0,0,0,5,5,5,65
"N/A",0,15,15,10,30,15,0,15,10,0,20,5,5,295,5,25,0,10,10,65,230,80,10,870
"Offaly",0,10,0,5,0,0,10,25,0,0,5,0,0,5,0,5,0,15,0,0,0,15,15,110
"Roscommon",0,5,5,0,0,0,0,15,0,0,5,0,0,5,0,0,0,10,0,0,5,30,10,100
"Sligo",0,5,30,0,0,0,0,10,0,0,0,0,0,5,0,0,0,0,5,0,10,20,5,95
"Tipperary",0,5,0,0,0,0,25,5,15,0,0,0,10,5,0,0,0,0,35,30,5,10,60,210
"Tyrone",0,0,0,0,0,0,0,0,0,0,0,0,0,0,0,0,0,0,0,0,0,0,0,5
"Unknown Ireland",0,0,0,0,0,0,0,0,0,0,0,0,0,0,0,0,0,0,0,0,0,0,0,5
"Waterford",0,0,0,0,0,0,5,0,15,0,0,5,90,0,0,0,0,0,5,25,5,0,10,175
"Westmeath",0,10,0,5,5,5,0,35,0,0,0,0,0,5,0,5,0,15,5,0,5,25,10,135
"Wexford",0,5,0,20,20,5,0,45,0,0,10,15,40,10,0,10,0,0,5,5,35,10,20,250
"Wicklow",0,5,5,15,45,0,0,20,0,0,15,5,0,40,0,25,0,0,0,5,95,5,10,290
"TOTAL",40,225,130,605,340,125,215,820,230,15,270,70,215,840,65,495,30,90,230,735,895,785,495,7960
