### 2018_2019
"County","ATU Galway-Mayo","Dublin City University","Mary Immaculate College, Limerick","Maynooth University","MTU Cork","National College of Art and Design","SETU Carlow","St. Angelas College of Home Economics, Sligo","Trinity College Dublin","TU Dublin City","University College Cork","University of Galway","University of Limerick","Row_Total"
"Carlow",0,15,5,5,0,0,0,0,0,0,0,0,0,25
"Cavan",0,15,0,0,0,0,0,5,0,0,0,0,0,25
"Clare",0,5,60,0,0,0,0,0,0,0,0,0,20,85
"Cork",0,5,135,0,5,0,0,15,0,0,30,0,25,220
"Donegal",5,35,0,5,0,0,0,5,0,0,0,0,5,60
"Dublin",0,205,0,25,0,10,0,0,5,20,0,0,0,270
"Galway",5,10,55,0,0,5,0,10,0,0,0,5,15,100
"Kerry",0,0,65,0,0,0,0,5,0,0,5,0,20,100
"Kildare",0,35,10,10,0,5,0,0,0,5,0,0,10,70
"Kilkenny",0,30,25,0,0,0,0,5,0,0,0,0,10,70
"Laois",0,10,25,0,0,0,0,5,0,0,0,0,10,50
"Leitrim",0,10,0,5,0,0,0,5,0,0,0,0,0,20
"Limerick",0,0,70,0,0,0,0,0,0,0,0,0,25,100
"Longford",0,5,0,0,0,0,0,0,0,0,0,0,5,10
"Louth",0,40,0,0,0,5,0,5,0,0,0,0,0,50
"Mayo",5,25,30,5,0,0,0,10,0,0,0,0,20,95
"Meath",0,45,0,10,0,5,0,0,0,5,0,0,5,70
"Monaghan",0,40,5,0,0,0,0,5,0,0,0,0,0,50
"N/A",0,0,0,0,0,0,10,0,0,0,0,0,0,15
"Offaly",5,15,10,0,0,0,0,0,0,0,0,0,5,35
"Roscommon",0,10,10,5,0,0,0,0,0,0,0,0,10,35
"Sligo",0,5,0,5,0,0,0,10,0,0,0,0,5,30
"Tipperary",0,5,70,0,0,0,0,5,0,0,0,0,30,120
"Tyrone",0,0,0,0,0,0,0,0,0,0,0,0,0,0
"Waterford",0,5,35,0,0,0,0,5,0,0,5,0,5,55
"Westmeath",0,15,5,5,0,0,0,5,0,5,0,0,10,50
"Wexford",0,35,10,5,0,0,0,5,0,0,0,0,10,70
"Wicklow",0,35,5,5,0,0,0,0,0,5,0,0,0,55
"TOTAL",30,670,620,90,5,30,10,115,10,40,50,10,255,1935

### 2019_2020
"County","ATU Galway-Mayo","Dublin City University","Mary Immaculate College, Limerick","Maynooth University","MTU Cork","National College of Art and Design","SETU Carlow","St. Angelas College of Home Economics, Sligo","Trinity College Dublin","TU Dublin City","TU Dublin Tallaght","University College Cork","University of Galway","University of Limerick","Row_Total"
"Carlow",0,5,5,0,0,0,15,0,0,0,0,0,0,0,30
"Cavan",0,30,5,0,0,0,0,5,0,0,0,0,0,5,50
"Clare",0,5,55,0,0,0,0,0,0,0,0,0,5,25,90
"Cork",0,15,125,0,10,0,0,10,0,0,0,30,0,35,220
"Donegal",5,30,5,0,0,0,0,10,0,0,0,0,0,5,55
"Dublin",0,215,0,40,0,10,0,5,5,20,35,0,0,0,335
"Galway",10,15,60,0,0,0,0,10,0,0,0,0,5,15,115
"Kerry",0,5,65,0,0,0,0,5,0,0,0,5,0,30,115
"Kildare",0,45,5,10,0,0,0,5,0,5,0,0,0,10,90
"Kilkenny",0,30,15,0,0,0,0,5,0,0,0,0,0,20,70
"Laois",0,10,20,0,0,0,0,10,0,0,0,0,0,5,55
"Leitrim",0,15,0,5,0,0,0,0,0,0,0,0,0,5,25
"Limerick",0,5,105,0,0,0,0,5,0,0,0,5,0,25,145
"Longford",0,5,0,0,0,0,0,0,0,0,0,0,0,0,10
"Louth",5,35,0,0,0,5,0,0,0,0,0,0,0,0,50
"Mayo",5,35,35,5,0,0,0,5,0,0,0,0,0,20,105
"Meath",0,70,5,10,0,5,0,0,0,5,0,0,0,5,95
"Monaghan",0,25,0,0,0,0,0,5,0,0,0,0,0,5,40
"N/A",0,0,0,0,0,0,15,0,0,0,0,0,0,0,25
"Offaly",0,10,10,5,0,0,0,5,0,0,0,0,0,5,45
"Roscommon",0,10,10,0,0,0,0,5,0,0,0,0,0,5,35
"Sligo",0,15,5,0,0,0,0,10,0,0,0,0,0,5,40
"Tipperary",0,5,60,0,0,0,0,5,0,0,0,0,0,20,90
"Waterford",0,5,20,0,0,0,0,5,0,0,0,5,0,15,50
"Westmeath",0,20,5,5,0,0,0,0,0,5,0,0,0,0,40
"Wexford",0,55,15,10,0,0,0,5,0,0,0,0,0,10,100
"Wicklow",0,30,5,0,0,0,0,5,0,0,5,0,0,5,55
"TOTAL",35,755,635,100,10,35,30,125,10,40,45,50,25,280,2165

### 2020_2021
"County","ATU Galway-Mayo","Dublin City University","Mary Immaculate College, Limerick","Maynooth University","MTU Cork","National College of Art and Design","SETU Carlow","St. Angelas College of Home Economics, Sligo","Trinity College Dublin","TU Dublin City","TU Dublin Tallaght","TUS Limerick","University College Cork","University of Galway","University of Limerick","Row_Total"
"Antrim",0,0,0,0,0,0,0,0,0,0,0,0,0,0,0,5
"Carlow",0,15,10,5,0,5,0,5,0,0,0,0,0,0,5,40
"Cavan",0,20,0,0,0,0,0,5,0,0,0,0,0,0,5,35
"Clare",5,0,70,0,0,0,0,0,0,0,0,0,0,0,40,120
"Cork",0,5,120,0,10,0,0,10,0,0,0,0,45,0,25,220
"Donegal",10,45,5,5,0,0,0,10,0,0,0,0,0,0,5,80
"Dublin",0,225,0,35,0,10,0,5,5,25,40,0,0,0,5,355
"Galway",10,15,65,0,0,0,0,10,0,0,0,0,0,10,20,130
"Kerry",0,5,65,0,0,0,0,5,0,0,0,0,10,0,20,110
"Kildare",0,40,10,20,0,0,0,0,0,5,5,0,0,0,5,90
"Kilkenny",0,25,25,5,0,0,0,5,0,0,0,0,0,0,10,80
"Laois",0,10,20,0,0,0,0,5,0,0,0,0,0,0,10,55
"Leitrim",5,15,0,0,0,0,0,5,0,0,0,0,0,0,5,30
"Limerick",0,0,90,0,0,0,0,10,0,0,0,0,5,0,40,150
"Longford",0,10,5,0,0,0,0,0,0,0,0,0,0,0,0,20
"Louth",0,50,0,0,0,5,0,5,0,0,0,0,0,0,0,65
"Mayo",5,20,45,5,0,0,0,10,0,0,0,0,0,0,20,110
"Meath",0,70,5,5,0,0,0,10,0,0,0,0,0,0,5,95
"Monaghan",0,20,5,0,0,0,0,5,0,0,0,0,0,0,5,40
"N/A",0,10,0,0,0,0,5,0,0,0,0,0,0,0,0,20
"Offaly",0,20,20,0,0,0,0,5,0,0,0,5,0,0,10,60
"Roscommon",5,25,15,5,0,0,0,5,0,0,0,0,0,5,10,75
"Sligo",0,5,5,5,0,0,0,5,0,0,0,0,0,0,5,25
"Tipperary",0,10,90,0,0,0,0,5,0,0,0,0,10,0,35,145
"Waterford",0,10,30,0,0,0,0,5,0,0,0,0,10,0,5,60
"Westmeath",5,20,5,5,0,0,0,5,0,0,0,0,0,5,10,50
"Wexford",0,45,15,5,0,0,0,5,0,0,0,0,0,0,15,95
"Wicklow",0,35,5,5,0,0,0,0,0,0,0,0,0,0,5,55
"TOTAL",55,760,715,110,15,35,5,140,10,40,45,25,85,30,325,2400

### 2021_2022
"County","ATU Galway-Mayo","Dublin City University","Mary Immaculate College, Limerick","Maynooth University","MTU Cork","National College of Art and Design","SETU Carlow","St. Angelas College of Home Economics, Sligo","Trinity College Dublin","TU Dublin City","TU Dublin Tallaght","TUS Limerick","University College Cork","University of Galway","University of Limerick","Row_Total"
"Carlow",0,15,5,5,0,0,0,5,0,0,0,0,0,0,5,40
"Cavan",0,35,5,5,0,0,0,10,5,0,0,0,0,0,5,60
"Clare",0,0,45,0,0,0,0,0,0,0,0,0,0,5,20,80
"Cork",0,10,135,0,45,0,0,10,0,0,0,0,50,0,30,275
"Donegal",5,40,0,5,0,0,0,10,0,0,0,0,0,5,10,75
"Down",0,0,0,0,0,0,0,0,0,0,0,0,0,0,0,0
"Dublin",0,220,0,40,0,10,0,10,5,20,30,0,0,0,5,345
"Fermanagh",0,0,0,0,0,0,0,0,0,0,0,0,0,0,0,0
"Galway",10,10,65,0,0,0,0,10,0,0,0,0,5,5,30,135
"Kerry",0,5,55,0,5,0,0,5,0,0,0,0,5,0,30,105
"Kildare",5,55,5,20,0,0,0,5,0,0,5,0,0,0,5,100
"Kilkenny",0,25,25,5,0,0,0,5,0,0,0,5,5,0,5,80
"Laois",5,15,20,0,0,0,0,5,0,0,0,0,0,0,10,55
"Leitrim",0,15,0,5,0,0,0,0,0,0,0,0,0,0,5,30
"Limerick",5,0,90,0,5,0,0,5,0,0,0,5,5,0,40,155
"Longford",0,20,0,0,0,0,0,0,0,0,0,0,0,0,5,25
"Louth",0,50,0,5,0,5,0,0,0,0,0,0,0,0,5,65
"Mayo",10,15,40,0,0,0,0,5,0,0,0,5,0,5,15,95
"Meath",0,70,0,15,0,5,0,5,0,5,0,0,0,0,5,100
"Monaghan",5,30,0,5,0,0,0,5,0,0,0,0,0,0,5,55
"N/A",0,0,0,0,0,0,10,0,0,0,0,0,0,0,0,15
"Offaly",5,20,15,5,0,0,0,0,0,0,0,0,0,0,5,55
"Roscommon",5,20,5,0,0,0,0,5,0,0,0,0,0,0,0,40
"Sligo",0,15,5,0,0,0,0,5,0,0,0,0,0,5,10,40
"Tipperary",0,10,65,0,0,0,0,5,0,0,0,5,5,0,20,115
"Waterford",0,5,35,0,0,0,0,5,0,0,0,0,5,0,15,65
"Westmeath",0,20,5,5,0,0,0,10,0,0,0,5,0,0,0,40
"Wexford",0,45,15,10,0,0,0,5,0,0,0,0,0,0,15,90
"Wicklow",0,25,5,5,0,0,0,5,0,5,5,0,0,0,10,55
"TOTAL",65,785,660,130,60,35,10,135,10,35,40,30,80,25,305,2410

### 2022_2023
"County","ATU Galway-Mayo","Dublin City University","Mary Immaculate College, Limerick","Maynooth University","MTU Cork","National College of Art and Design","St. Angelas College of Home Economics, Sligo","Trinity College Dublin","TU Dublin City","TU Dublin Tallaght","TUS Limerick","University College Cork","University of Galway","University of Limerick","Row_Total"
"Carlow",0,25,10,5,0,0,5,0,0,0,0,0,0,5,45
"Cavan",0,25,0,5,0,0,5,0,0,0,0,0,0,5,40
"Clare",5,0,50,0,0,0,5,0,0,0,0,0,0,30,95
"Cork",0,5,115,0,25,0,10,0,0,0,5,40,0,25,220
"Donegal",10,25,0,0,0,0,15,0,0,0,0,0,0,0,65
"Down",0,0,0,0,0,0,0,0,0,0,0,0,0,0,0
"Dublin",0,220,5,25,0,15,5,5,15,35,0,0,0,0,330
"Galway",20,10,60,0,0,0,15,0,0,0,0,0,15,20,140
"Kerry",0,5,50,0,5,0,0,0,0,0,5,5,0,25,100
"Kildare",0,45,10,20,0,0,5,0,0,0,0,0,0,5,90
"Kilkenny",0,25,15,0,0,0,5,0,0,0,0,0,0,10,65
"Laois",5,15,25,0,0,0,0,0,0,0,0,5,0,10,65
"Leitrim",0,10,5,5,0,0,5,0,0,0,0,0,0,0,25
"Limerick",0,5,80,0,5,0,10,0,0,0,5,0,5,50,165
"Longford",0,10,0,0,0,0,0,0,0,0,0,0,0,0,15
"Louth",0,45,0,0,0,5,5,0,0,0,0,0,0,0,60
"Mayo",10,15,20,0,0,0,5,0,0,0,0,0,0,15,75
"Meath",0,75,0,15,0,0,5,0,5,0,0,0,0,5,110
"Monaghan",0,30,0,0,0,0,0,0,0,0,0,0,0,5,40
"N/A",0,5,0,0,0,0,0,0,0,0,0,0,0,0,10
"Offaly",0,25,30,5,0,0,0,0,0,0,0,0,0,10,70
"Roscommon",5,20,15,5,0,0,0,0,0,0,0,0,0,10,50
"Sligo",0,15,5,0,0,0,10,0,0,0,0,0,0,0,35
"Tipperary",0,5,65,0,5,0,5,0,0,0,5,5,0,30,120
"Waterford",0,5,25,0,0,0,0,0,0,0,0,10,0,10,55
"Westmeath",0,25,5,15,0,0,5,0,0,0,0,0,0,5,60
"Wexford",0,50,15,5,0,0,0,0,5,0,0,0,0,10,95
"Wicklow",0,30,5,5,0,0,5,0,0,5,0,0,0,0,55
"TOTAL",70,775,625,115,40,35,140,10,30,40,30,75,30,295,2300

### 2023_2024
"County","ATU Galway-Mayo","Dublin City University","Mary Immaculate College, Limerick","Maynooth University","MTU Cork","National College of Art and Design","National College of Ireland","St. Angelas College of Home Economics, Sligo","Trinity College Dublin","TU Dublin City","TU Dublin Tallaght","TUS Limerick","University College Cork","University College Dublin","University of Galway","University of Limerick","Row_Total"
"Carlow",0,15,5,5,0,0,0,5,0,0,0,0,0,0,0,5,35
"Cavan",0,40,0,0,0,0,0,5,0,0,0,0,0,0,0,5,55
"Clare",5,5,75,0,0,0,0,0,0,0,0,5,0,0,0,30,120
"Cork",0,5,120,0,30,0,0,0,0,0,0,0,70,0,0,35,265
"Donegal",5,25,0,5,0,0,0,10,0,0,0,0,0,0,0,5,55
"Down",0,0,0,0,0,0,0,0,0,0,0,0,0,0,0,0,0
"Dublin",0,220,5,15,0,15,25,10,10,20,40,0,0,25,0,5,385
"Galway",35,10,75,0,0,0,0,15,0,0,0,0,5,0,5,25,170
"Kerry",0,5,65,0,5,0,0,5,0,0,0,0,5,0,0,25,110
"Kildare",5,55,0,30,0,5,0,5,0,5,5,0,0,0,0,10,115
"Kilkenny",0,25,20,5,0,0,0,10,0,0,0,0,5,0,0,10,80
"Laois",0,10,20,5,0,0,0,5,0,0,0,0,0,0,0,10,55
"Leitrim",5,10,0,0,0,0,0,5,0,0,0,0,0,0,0,0,25
"Limerick",0,5,90,0,5,0,0,5,0,0,0,5,5,0,0,35,145
"Longford",0,15,0,0,0,0,0,0,0,0,0,0,0,0,0,5,25
"Louth",0,55,0,0,0,0,0,5,0,0,0,0,0,0,0,0,70
"Mayo",30,25,45,5,0,0,0,10,0,0,0,5,0,0,5,25,155
"Meath",0,80,0,15,0,0,0,5,0,5,0,0,0,5,0,0,125
"Monaghan",0,30,0,0,0,0,0,5,0,0,0,0,0,0,0,0,45
"N/A",5,5,0,0,0,0,5,0,0,0,0,0,0,0,0,0,10
"Offaly",0,20,20,10,0,0,0,5,0,0,0,0,0,0,0,10,75
"Roscommon",5,20,5,0,0,0,0,0,0,0,0,5,0,0,0,5,45
"Sligo",0,20,5,0,0,0,0,5,0,0,0,0,0,0,0,10,40
"Tipperary",0,5,95,0,0,0,0,5,0,0,0,5,10,0,0,25,155
"Waterford",0,5,30,5,0,0,0,5,0,0,0,5,10,0,0,15,70
"Westmeath",0,20,5,20,0,0,0,0,0,0,0,0,0,0,0,10,55
"Wexford",5,55,15,5,0,0,0,5,0,0,0,0,5,5,0,15,110
"Wicklow",0,30,0,10,0,5,0,5,0,0,5,0,0,5,0,5,70
"TOTAL",105,815,705,135,45,35,35,135,15,40,50,40,115,55,20,325,2665

### 2024_2025
"County","ATU Galway-Mayo","ATU Sligo","Dublin City University","Mary Immaculate College, Limerick","Maynooth University","MTU Cork","National College of Art and Design","National College of Ireland","SETU Carlow","St. Angelas College of Home Economics, Sligo","Trinity College Dublin","TU Dublin City","TU Dublin Tallaght","TUS Athlone","TUS Limerick","University College Cork","University College Dublin","University of Galway","University of Limerick","Row_Total"
"Carlow",0,0,20,10,5,0,0,0,0,0,0,0,0,0,0,0,0,0,5,40
"Cavan",0,0,35,5,5,0,0,0,0,5,0,0,0,0,0,0,0,0,5,55
"Clare",5,0,0,55,0,0,0,0,0,5,0,0,0,0,5,0,0,0,25,95
"Cork",0,0,5,135,0,30,0,0,0,5,0,0,0,0,0,75,0,0,35,290
"Donegal",5,0,25,5,0,0,0,0,0,10,0,0,0,0,0,0,0,0,5,55
"Dublin",0,0,210,5,30,0,15,10,0,5,5,25,40,5,0,0,15,0,5,365
"Fermanagh",0,0,0,0,0,0,0,0,0,0,0,0,0,0,0,0,0,0,0,0
"Galway",30,0,10,75,5,0,0,0,0,15,0,0,0,0,0,5,0,5,20,170
"Kerry",0,0,0,35,0,5,0,0,0,5,0,0,0,0,0,5,0,0,20,75
"Kildare",0,0,50,5,30,0,0,0,0,5,0,5,10,0,0,0,5,0,5,120
"Kilkenny",0,0,25,20,5,0,0,0,0,5,0,0,0,0,5,5,0,0,10,75
"Laois",0,0,10,15,0,0,0,0,0,0,0,0,0,0,0,0,0,0,10,45
"Leitrim",0,0,15,0,0,0,0,0,0,5,0,0,0,0,0,0,0,0,5,25
"Limerick",0,0,0,75,0,0,0,0,0,5,0,0,0,0,5,5,0,0,45,135
"Longford",0,0,10,5,5,0,0,0,0,0,0,0,0,0,0,0,0,0,5,25
"Louth",0,0,50,0,5,0,5,0,0,5,0,0,0,0,0,0,0,0,0,65
"Mayo",15,0,20,40,5,0,0,0,0,15,0,0,0,0,0,0,0,0,20,120
"Meath",0,0,85,5,20,0,0,0,0,5,0,10,0,0,0,0,0,0,5,130
"Monaghan",5,0,35,0,0,0,0,0,0,10,0,0,0,0,0,0,0,0,5,60
"N/A",0,0,0,0,0,0,0,5,5,0,0,0,0,0,0,0,0,0,0,15
"Offaly",0,0,25,20,15,0,0,0,0,0,0,0,0,5,0,0,0,0,10,80
"Roscommon",5,0,30,10,5,0,0,0,0,5,0,0,0,0,0,0,0,0,5,60
"Sligo",5,0,15,5,0,0,0,0,0,5,0,0,0,0,0,0,0,0,5,45
"Tipperary",0,0,5,90,0,5,0,0,0,5,0,0,0,0,10,10,0,0,25,145
"Tyrone",0,0,0,0,0,0,0,0,0,0,0,0,0,0,0,0,0,0,0,0
"Waterford",0,0,10,25,5,0,0,0,0,0,0,0,0,0,0,5,0,0,10,60
"Westmeath",0,0,25,5,15,0,0,0,0,5,0,0,0,5,0,0,0,0,5,60
"Wexford",5,0,60,10,10,0,5,0,0,5,0,0,0,0,0,0,0,0,20,125
"Wicklow",0,0,35,5,10,0,0,0,0,5,0,5,5,0,0,0,5,0,5,85
"TOTAL",90,0,805,665,185,45,35,20,5,135,10,40,55,25,35,115,35,10,310,2620
