### 2018_2019
"County","ATU Donegal","ATU Galway-Mayo","ATU Sligo","Dublin City University","Dun Laoghaire Institute of Art, Design and Technology","Dundalk IT","Maynooth University","MTU Cork","MTU Kerry","National College of Art and Design","SETU Carlow","SETU Waterford","Trinity College Dublin","TU Dublin Blanchardstown","TU Dublin City","TU Dublin Tallaght","TUS Athlone","TUS Limerick","University College Cork","University College Dublin","University of Galway","University of Limerick","Row_Total"
"Antrim",0,0,0,0,0,0,0,0,0,0,0,0,0,0,0,0,0,0,0,0,0,0,0
"Armagh",0,0,0,0,0,0,0,0,0,0,0,0,0,0,0,0,0,0,0,0,0,0,5
"Carlow",0,0,0,0,0,0,0,0,0,0,15,5,0,0,0,0,0,0,0,0,0,0,30
"Cavan",0,5,10,5,0,5,0,0,0,0,0,0,0,5,5,0,0,0,0,0,0,0,45
"Clare",0,5,0,0,0,0,0,0,5,0,0,0,0,0,0,0,0,25,0,0,0,25,70
"Cork",0,0,0,0,0,0,0,75,5,0,0,5,0,0,0,0,0,10,165,0,0,5,265
"Derry",5,0,0,0,0,0,0,0,0,0,0,0,0,0,0,0,0,0,0,0,0,0,5
"Donegal",70,10,5,5,0,0,0,0,0,0,0,0,0,0,0,0,0,0,0,0,5,0,100
"Down",0,0,0,0,0,5,0,0,0,0,0,0,0,0,0,0,0,0,0,0,0,0,5
"Dublin",0,0,0,105,25,15,20,0,0,5,0,0,50,85,135,85,0,5,0,55,0,0,595
"Galway",0,65,5,0,0,0,0,0,0,0,0,0,5,0,0,0,5,5,0,0,20,5,120
"Kerry",0,0,0,0,0,0,0,5,20,0,0,0,0,0,0,0,0,5,25,0,0,10,70
"Kildare",0,0,0,5,5,0,20,0,0,0,25,0,5,5,15,5,0,5,0,5,0,0,105
"Kilkenny",0,0,0,0,0,0,0,0,0,0,15,20,0,0,0,0,0,5,0,0,0,5,50
"Laois",0,0,0,0,0,0,0,0,0,0,25,0,0,0,5,0,0,5,0,5,0,5,60
"Leitrim",0,0,10,0,0,0,0,0,0,0,0,0,0,0,0,0,0,0,0,0,0,0,20
"Limerick",0,0,0,0,0,0,0,0,0,0,0,0,0,0,0,0,0,60,5,0,0,45,120
"Longford",0,5,5,0,0,0,0,0,0,0,0,0,0,0,0,0,10,0,0,0,0,0,25
"Louth",0,0,0,15,0,65,0,0,0,0,0,0,0,0,5,0,0,0,0,5,0,0,95
"Mayo",0,15,20,0,0,0,0,0,0,0,0,0,0,0,0,0,0,5,0,0,5,5,50
"Meath",0,0,0,20,5,15,10,0,0,0,0,0,10,15,15,0,5,0,0,10,0,0,105
"Monaghan",5,0,0,0,0,15,0,0,0,0,0,0,0,0,0,0,0,0,0,0,0,0,25
"N/A",0,10,5,5,0,5,0,5,5,0,5,15,20,0,5,5,0,15,5,15,15,5,145
"Offaly",0,5,0,0,0,0,0,0,0,0,5,0,0,0,0,0,15,0,0,0,5,0,35
"Roscommon",0,5,5,0,0,0,0,0,0,0,0,0,0,0,0,0,5,0,0,0,0,5,25
"Sligo",0,5,25,0,0,0,0,0,0,0,0,0,0,0,0,0,0,0,0,0,5,5,40
"Tipperary",0,0,0,5,0,0,0,5,0,0,5,15,0,0,0,0,0,30,10,5,0,10,85
"Waterford",0,0,0,0,0,0,0,5,0,0,0,55,0,0,0,0,0,5,10,0,0,5,85
"Westmeath",0,5,0,0,0,0,5,0,0,0,0,0,0,5,5,0,25,5,0,0,0,0,55
"Wexford",0,0,0,0,0,0,5,0,0,0,10,20,5,0,5,0,0,0,0,5,0,0,60
"Wicklow",0,0,0,5,15,0,0,0,0,0,5,0,5,0,25,5,0,0,0,10,0,0,75
"TOTAL",85,130,105,190,50,130,90,95,35,5,120,145,115,125,215,105,70,190,235,125,60,150,2570


### 2019_2020
"County","ATU Donegal","ATU Galway-Mayo","ATU Sligo","Dublin City University","Dun Laoghaire Institute of Art, Design and Technology","Dundalk IT","Maynooth University","MTU Cork","MTU Kerry","National College of Art and Design","SETU Carlow","SETU Waterford","Trinity College Dublin","TU Dublin Blanchardstown","TU Dublin City","TU Dublin Tallaght","TUS Athlone","TUS Limerick","University College Cork","University College Dublin","University of Galway","University of Limerick","Row_Total"
"Antrim",0,0,0,0,0,0,0,0,0,0,0,0,0,0,0,0,0,0,0,0,0,0,0
"Carlow",0,0,0,0,0,0,0,0,0,0,20,0,0,0,0,0,0,0,0,0,0,0,30
"Cavan",0,0,5,5,0,5,5,0,0,0,0,0,0,5,0,0,5,0,0,5,0,0,30
"Clare",0,10,0,0,0,0,0,0,5,0,0,0,0,0,0,0,0,30,5,0,0,30,90
"Cork",0,0,0,0,0,0,0,110,5,0,0,5,5,0,0,0,0,10,190,0,0,10,340
"Donegal",40,5,10,5,0,0,5,0,0,0,0,0,5,0,0,0,0,0,0,0,5,0,85
"Down",0,0,0,0,0,10,0,0,0,0,0,0,0,0,0,0,0,0,0,0,0,0,10
"Dublin",0,0,5,120,30,10,45,0,0,0,0,0,60,90,145,110,0,0,0,70,0,0,695
"Fermanagh",0,0,0,0,0,0,0,0,0,0,0,0,0,0,0,0,0,0,0,0,0,0,0
"Galway",0,60,0,0,0,0,0,0,0,0,0,0,0,0,0,0,5,5,0,0,20,5,95
"Kerry",0,0,0,0,0,0,0,5,35,0,0,0,0,0,0,0,0,5,15,0,0,5,70
"Kildare",0,0,0,10,0,0,20,0,0,0,20,5,5,10,15,10,0,5,5,5,0,0,115
"Kilkenny",0,0,0,0,0,0,0,0,0,0,5,15,5,0,0,0,0,5,5,0,0,5,50
"Laois",0,0,0,5,0,0,0,0,0,0,15,5,0,0,0,0,0,5,5,5,0,5,40
"Leitrim",0,0,5,0,0,0,0,0,0,0,0,0,0,0,0,0,0,0,0,0,0,0,15
"Limerick",0,0,0,0,0,0,0,0,0,0,0,0,0,0,0,0,0,70,10,0,0,50,140
"Longford",0,5,0,0,0,0,5,0,0,0,0,0,0,0,0,0,10,0,0,0,0,0,20
"Louth",0,0,0,15,0,40,5,0,0,0,0,0,5,5,5,0,0,0,0,5,0,0,75
"Mayo",0,20,15,0,0,0,0,0,0,0,0,0,0,0,0,0,0,5,0,0,5,5,55
"Meath",0,0,0,20,0,15,5,0,0,0,0,0,5,30,15,0,0,0,0,5,0,0,105
"Monaghan",0,5,5,5,0,5,0,0,0,0,0,0,0,0,0,0,0,0,0,5,0,0,30
"N/A",5,10,10,5,0,10,5,5,0,0,5,50,30,0,5,0,5,15,5,20,5,0,190
"Offaly",0,0,0,0,0,0,5,0,0,0,5,0,0,0,0,0,30,5,0,0,5,0,55
"Roscommon",0,0,5,0,0,0,0,0,0,0,0,0,0,0,0,0,10,0,0,0,5,0,25
"Sligo",0,0,25,0,0,0,0,0,0,0,0,0,0,0,0,0,0,5,0,0,5,0,45
"Tipperary",0,0,0,0,0,0,0,0,0,0,0,15,0,0,0,0,0,35,10,0,0,20,85
"Waterford",0,0,0,0,0,0,5,0,0,0,0,75,5,0,0,0,0,5,10,5,0,10,110
"Westmeath",0,0,0,0,0,0,5,0,0,0,0,0,0,0,5,0,30,0,0,5,0,0,45
"Wexford",0,0,0,5,0,0,5,0,0,0,10,25,0,0,5,0,0,0,5,5,0,5,65
"Wicklow",0,0,0,0,15,0,0,0,0,0,5,0,5,0,10,10,0,0,0,15,0,0,65
"TOTAL",55,120,90,205,50,90,115,125,50,5,95,200,130,140,215,135,105,200,260,160,60,170,2765


### 2020_2021
"County","ATU Donegal","ATU Galway-Mayo","ATU Sligo","Dublin City University","Dun Laoghaire Institute of Art, Design and Technology","Dundalk IT","Maynooth University","MTU Cork","MTU Kerry","National College of Art and Design","SETU Carlow","SETU Waterford","Trinity College Dublin","TU Dublin Blanchardstown","TU Dublin City","TU Dublin Tallaght","TUS Athlone","TUS Limerick","University College Cork","University College Dublin","University of Galway","University of Limerick","Row_Total"
"Carlow",0,0,0,5,0,0,0,0,0,0,20,0,0,0,0,0,0,0,0,0,0,0,30
"Cavan",0,0,5,5,0,5,0,0,0,0,0,0,0,5,5,0,0,0,0,0,5,0,40
"Clare",0,5,0,0,0,0,0,0,0,0,0,0,0,0,0,0,0,35,5,0,0,25,75
"Cork",0,0,0,0,0,0,0,95,0,0,0,0,0,0,0,0,0,10,200,0,0,15,330
"Donegal",80,0,5,0,0,0,0,0,0,0,0,0,0,0,0,0,0,0,0,5,0,0,100
"Down",0,0,0,0,0,5,0,0,0,0,0,0,0,0,0,0,0,0,0,0,0,0,5
"Dublin",0,0,0,120,20,10,60,0,0,0,0,0,70,80,185,90,0,5,0,90,0,0,740
"Galway",0,60,5,0,0,0,0,0,0,0,0,0,0,0,0,0,10,0,0,0,20,5,110
"Kerry",0,0,0,0,0,0,0,10,35,0,0,0,0,0,0,0,0,0,15,0,0,15,75
"Kildare",0,0,0,10,0,0,30,0,0,0,30,0,10,5,10,20,5,5,0,5,0,5,145
"Kilkenny",0,0,0,0,0,0,0,0,0,0,10,20,0,0,5,0,0,0,0,0,0,5,45
"Laois",0,5,0,0,0,0,0,0,0,0,20,0,0,0,0,0,10,0,0,5,0,5,55
"Leitrim",0,0,5,0,0,0,0,0,0,0,0,0,0,0,0,0,5,0,0,0,0,0,20
"Limerick",0,0,0,0,0,0,0,0,0,0,5,0,0,0,0,0,0,50,5,0,0,50,115
"Longford",0,5,0,0,0,0,5,0,0,0,0,0,0,0,0,0,15,0,0,0,0,0,30
"Louth",0,0,0,20,0,55,0,0,0,0,0,0,5,0,10,0,0,0,0,5,0,0,100
"Mayo",0,20,10,0,0,0,0,0,0,0,0,0,0,0,0,0,5,5,0,0,0,15,65
"Meath",0,0,0,30,0,15,15,0,0,0,0,0,5,20,15,5,5,0,0,5,0,0,120
"Monaghan",0,0,5,0,0,10,0,0,0,0,0,0,0,0,0,0,0,0,0,0,0,0,25
"N/A",0,5,5,5,0,15,10,10,0,0,5,40,25,5,5,0,10,5,15,20,5,10,195
"Offaly",0,5,0,0,0,0,0,0,0,0,5,0,0,0,0,0,30,0,0,0,5,5,50
"Roscommon",0,10,5,0,0,0,0,0,0,0,0,0,0,0,0,0,10,0,0,0,0,0,35
"Sligo",0,0,25,0,0,0,0,0,0,0,0,0,0,0,0,0,0,0,0,0,5,0,40
"Tipperary",0,0,0,0,0,0,0,5,0,0,0,15,0,0,0,0,0,30,5,0,0,15,80
"Waterford",0,0,0,0,0,0,0,0,0,0,0,65,0,0,0,0,0,5,10,0,0,10,100
"Westmeath",0,5,0,5,0,0,10,0,0,0,0,0,0,0,5,0,30,0,0,0,0,5,65
"Wexford",0,0,0,5,0,0,0,0,0,0,10,15,5,5,0,0,0,0,0,5,0,5,60
"Wicklow",0,0,0,5,10,0,0,0,0,0,10,0,5,5,20,5,0,0,0,15,0,0,75
"TOTAL",90,130,80,225,35,115,145,115,40,5,120,165,135,130,270,130,145,160,265,175,55,195,2925


### 2021_2022
"County","ATU Donegal","ATU Galway-Mayo","ATU Sligo","Dublin City University","Dun Laoghaire Institute of Art, Design and Technology","Dundalk IT","Maynooth University","MTU Cork","MTU Kerry","National College of Art and Design","SETU Carlow","SETU Waterford","Trinity College Dublin","TU Dublin Blanchardstown","TU Dublin City","TU Dublin Tallaght","TUS Athlone","TUS Limerick","University College Cork","University College Dublin","University of Galway","University of Limerick","Row_Total"
"Antrim",0,0,0,0,0,0,0,0,0,0,0,0,0,0,0,0,0,0,0,0,0,0,0
"Carlow",0,0,0,5,0,0,0,0,0,0,15,0,0,0,0,0,0,0,0,0,0,0,30
"Cavan",0,0,5,5,0,5,5,0,0,0,0,0,0,5,5,0,0,0,0,0,0,0,35
"Clare",0,10,0,0,0,0,0,0,0,0,0,0,5,0,0,0,0,35,5,0,0,25,85
"Cork",0,0,0,0,0,0,0,95,5,0,0,10,0,0,0,0,0,10,170,5,0,5,305
"Donegal",70,0,5,5,0,0,0,0,0,0,0,0,0,0,0,0,0,0,0,0,5,0,90
"Down",0,0,0,0,0,5,0,0,0,0,0,0,5,0,0,0,0,0,0,0,0,0,5
"Dublin",0,0,5,125,10,10,65,0,0,0,0,0,95,90,180,100,0,0,0,85,0,0,780
"Galway",0,75,5,0,0,0,0,0,0,0,0,0,0,0,0,0,15,0,5,0,25,10,145
"Kerry",0,5,0,0,0,0,0,5,40,0,0,0,0,0,0,0,0,0,25,0,0,5,85
"Kildare",0,5,0,10,0,0,30,0,0,0,25,5,10,5,20,10,5,0,5,5,0,5,135
"Kilkenny",0,0,0,5,0,0,0,0,0,0,5,10,0,0,0,0,0,0,5,0,0,0,30
"Laois",0,0,0,0,0,0,0,0,0,0,20,5,5,0,5,0,5,0,0,5,0,0,55
"Leitrim",0,0,5,0,0,0,0,0,0,0,0,0,0,0,0,0,0,0,0,0,0,0,15
"Limerick",0,0,0,0,0,0,0,0,0,0,0,0,0,0,0,0,0,60,0,0,0,45,115
"Longford",0,0,0,5,0,0,5,0,0,0,0,0,0,0,0,0,10,0,0,5,5,0,30
"Louth",0,0,0,15,0,45,5,0,0,0,0,0,5,5,10,0,0,0,0,5,0,0,100
"Mayo",0,20,10,0,0,0,0,0,0,0,0,0,0,0,0,0,5,0,0,0,5,10,60
"Meath",5,0,0,30,0,10,25,0,0,0,0,5,5,20,20,5,0,0,0,5,0,0,135
"Monaghan",0,0,5,5,0,10,0,0,0,0,0,0,0,0,5,0,0,0,0,0,0,0,25
"N/A",0,0,0,15,0,30,5,10,0,0,5,5,75,0,5,0,10,5,15,30,0,0,215
"Offaly",0,0,0,0,0,0,0,0,0,0,5,0,0,0,0,0,20,0,0,0,0,5,40
"Roscommon",0,5,5,0,0,0,0,0,0,0,0,0,0,0,0,0,10,0,0,0,5,0,30
"Sligo",0,0,20,0,0,0,0,0,0,0,0,0,0,0,0,0,0,0,0,5,5,5,35
"Tipperary",0,0,0,0,0,0,0,5,0,0,0,10,5,0,5,0,0,20,5,0,0,15,70
"Waterford",0,0,0,0,0,0,0,5,0,0,0,70,5,0,0,0,5,0,15,0,0,15,115
"Westmeath",0,0,0,5,0,0,10,0,0,0,0,0,0,5,0,0,35,0,0,5,0,5,65
"Wexford",0,0,0,5,0,0,10,0,0,0,20,25,0,5,0,0,0,0,0,10,0,0,80
"Wicklow",0,0,0,5,15,0,5,0,0,0,10,0,5,5,20,5,0,0,0,15,0,0,85
"TOTAL",85,135,60,250,30,120,160,120,50,5,115,155,225,140,285,135,115,145,250,185,65,160,3000


### 2022_2023
"County","ATU Donegal","ATU Galway-Mayo","ATU Sligo","Dublin City University","Dun Laoghaire Institute of Art, Design and Technology","Dundalk IT","Maynooth University","MTU Cork","MTU Kerry","National College of Art and Design","SETU Carlow","SETU Waterford","Trinity College Dublin","TU Dublin Blanchardstown","TU Dublin City","TU Dublin Tallaght","TUS Athlone","TUS Limerick","University College Cork","University College Dublin","University of Galway","University of Limerick","Row_Total"
"Antrim",0,0,0,0,0,0,0,0,0,0,0,0,0,0,0,0,0,0,0,0,0,0,0
"Carlow",0,0,0,0,0,0,0,0,0,0,25,0,0,0,0,0,0,0,0,0,0,0,40
"Cavan",0,0,10,5,0,0,5,0,0,0,0,0,0,5,0,0,0,0,0,0,0,0,35
"Clare",0,5,0,0,0,0,0,0,0,0,0,0,0,0,0,0,0,40,5,0,0,30,85
"Cork",0,5,0,0,0,0,0,115,0,0,0,5,5,5,0,0,0,5,180,0,0,20,335
"Donegal",75,0,10,0,0,0,0,0,0,0,0,0,0,0,0,0,0,0,0,5,5,0,105
"Down",0,0,0,0,0,5,0,0,0,0,0,0,0,0,0,0,0,0,0,0,0,0,5
"Dublin",0,0,0,130,25,10,85,0,0,5,5,0,105,110,220,105,0,0,0,100,0,5,905
"Galway",0,70,0,0,0,0,0,0,0,0,0,0,5,0,0,0,5,0,0,0,35,20,140
"Kerry",0,0,0,0,0,0,0,5,35,0,0,0,0,0,0,0,0,5,15,0,0,20,85
"Kildare",0,0,0,15,0,0,30,0,0,0,20,5,10,15,10,5,0,0,0,10,0,0,130
"Kilkenny",0,0,0,0,0,0,0,0,0,0,15,25,0,0,0,0,0,0,5,0,0,5,55
"Laois",0,0,0,0,0,0,5,0,0,0,20,0,0,0,5,5,5,0,5,0,0,0,50
"Leitrim",0,5,5,0,0,0,0,0,0,0,0,0,0,0,0,0,0,0,0,0,0,0,15
"Limerick",0,0,0,0,0,0,0,0,5,0,0,0,0,0,0,0,0,65,10,0,0,65,155
"Longford",0,0,0,5,0,0,5,0,0,0,0,0,0,0,5,0,5,0,0,0,0,0,25
"Louth",0,0,0,15,0,55,10,0,0,0,0,0,0,5,10,0,0,0,0,5,0,0,110
"Mayo",0,10,20,5,0,0,0,0,0,0,0,0,0,0,0,0,5,5,0,0,5,10,65
"Meath",0,0,0,35,0,10,25,0,0,0,0,0,5,15,15,5,0,0,0,5,0,0,120
"Monaghan",0,0,5,5,0,20,0,0,0,0,0,0,5,0,5,0,0,0,0,0,0,0,50
"N/A",5,15,5,15,0,55,10,5,5,0,10,10,55,0,5,5,5,5,15,45,5,15,300
"Offaly",0,5,0,5,0,0,5,0,0,0,0,0,0,0,5,0,15,5,0,0,5,5,50
"Roscommon",0,5,5,5,0,0,0,0,0,0,0,0,0,0,0,0,10,0,0,0,0,5,35
"Sligo",0,0,20,0,0,0,0,0,0,0,0,0,5,0,0,0,0,0,0,5,0,5,35
"Tipperary",0,0,0,0,0,0,0,0,0,0,0,15,0,0,0,0,0,20,10,0,0,20,70
"Tyrone",0,0,0,0,0,0,0,0,0,0,0,0,0,0,0,0,0,0,0,0,0,0,0
"Waterford",0,0,0,0,0,0,0,0,0,0,5,65,0,0,0,0,0,0,5,0,0,5,85
"Westmeath",0,5,0,0,0,0,10,0,0,0,0,0,5,0,0,0,20,0,0,0,0,5,55
"Wexford",0,0,0,5,0,0,5,0,0,0,15,30,5,0,5,0,0,0,0,5,0,5,80
"Wicklow",0,0,0,5,10,0,5,0,0,0,15,0,5,5,15,5,0,0,0,10,0,0,80
"TOTAL",85,130,90,260,40,165,210,135,45,5,140,155,215,165,310,140,80,155,255,195,70,240,3295


### 2023_2024
"County","ATU Donegal","ATU Galway-Mayo","ATU Sligo","Dublin City University","Dun Laoghaire Institute of Art, Design and Technology","Dundalk IT","Maynooth University","MTU Cork","MTU Kerry","National College of Art and Design","National College of Ireland","SETU Carlow","SETU Waterford","Trinity College Dublin","TU Dublin Blanchardstown","TU Dublin City","TU Dublin Tallaght","TUS Athlone","TUS Limerick","University College Cork","University College Dublin","University of Galway","University of Limerick","Row_Total"
"Antrim",0,0,0,0,0,0,0,0,0,0,0,0,0,0,0,0,0,0,0,0,0,0,0,0
"Carlow",0,0,0,0,0,0,5,0,0,0,0,40,0,0,0,0,0,0,0,0,0,0,0,45
"Cavan",0,0,5,5,0,5,0,0,0,0,0,0,0,5,0,0,0,0,0,0,0,0,0,30
"Clare",0,5,0,0,0,0,0,0,0,0,0,0,0,0,0,0,0,5,40,0,0,5,40,100
"Cork",0,0,0,0,0,0,0,100,5,0,0,0,10,5,5,0,0,0,5,190,0,0,5,335
"Derry",0,0,0,0,0,0,0,0,0,0,0,0,0,0,0,0,0,0,0,0,0,0,0,0
"Donegal",65,0,10,0,0,0,5,0,0,0,0,0,0,0,0,0,0,0,0,0,0,0,0,80
"Down",0,0,0,0,0,0,0,0,0,0,0,0,0,0,0,0,0,0,0,0,0,0,0,5
"Dublin",0,0,5,150,20,15,80,0,0,0,80,5,0,90,115,195,125,0,0,0,100,0,5,995
"Galway",0,90,5,0,0,0,0,0,0,0,0,0,0,5,0,0,0,5,0,0,0,25,5,135
"Kerry",0,0,0,0,0,0,0,5,35,0,0,0,0,0,0,0,0,0,0,10,0,0,15,75
"Kildare",0,0,0,10,0,0,30,0,0,0,0,25,0,15,10,15,10,0,0,0,5,0,5,135
"Kilkenny",0,0,0,0,0,0,0,0,0,0,0,20,25,0,0,0,0,0,0,5,0,0,5,60
"Laois",0,0,0,5,0,0,10,0,0,0,0,35,0,0,0,0,5,5,0,0,0,0,10,70
"Leitrim",0,0,10,0,0,0,5,0,0,0,0,0,0,0,0,0,0,0,0,0,0,0,0,20
"Limerick",0,0,0,0,0,0,0,0,0,0,0,0,0,0,0,0,0,0,55,0,0,0,70,130
"Longford",0,5,0,0,0,0,0,0,0,0,0,0,0,0,0,0,0,5,0,0,5,0,0,20
"Louth",5,0,0,25,0,60,5,0,0,0,5,0,0,0,5,10,0,0,0,0,5,0,0,120
"Mayo",0,10,5,0,0,0,0,0,0,0,0,0,0,0,0,0,0,5,5,0,0,5,10,50
"Meath",0,0,0,30,0,15,15,0,0,0,0,0,0,5,25,10,5,0,0,0,5,0,0,120
"Monaghan",0,0,5,0,0,10,5,0,0,0,0,0,0,0,0,0,0,0,0,0,0,0,0,20
"N/A",0,10,5,10,0,20,10,5,5,0,40,10,15,45,5,5,5,5,10,25,45,10,5,300
"Offaly",0,0,0,0,0,0,5,0,0,0,0,5,0,0,0,0,0,15,0,0,0,0,5,40
"Roscommon",0,5,10,0,0,0,0,0,0,0,0,0,0,0,0,0,0,5,0,0,0,5,5,35
"Sligo",0,0,25,0,0,0,0,0,0,0,0,0,0,0,0,0,0,0,0,0,0,0,5,35
"Tipperary",0,0,0,0,0,0,0,5,0,0,0,0,10,0,0,5,0,0,15,5,0,0,25,70
"Waterford",0,0,0,0,0,0,0,0,0,0,0,5,75,0,0,0,0,0,0,5,0,0,5,95
"Westmeath",0,5,5,0,0,0,10,0,0,0,0,0,0,0,0,0,0,30,0,0,0,0,0,65
"Wexford",0,0,0,5,0,0,5,0,0,0,0,20,25,5,0,5,0,0,0,0,5,0,5,75
"Wicklow",0,0,0,10,10,0,5,0,0,0,10,15,0,10,0,20,5,0,0,0,10,0,0,100
"TOTAL",80,140,85,260,35,135,200,120,50,5,135,185,155,210,175,275,160,85,135,250,200,60,230,3355


### 2024_2025
"County","ATU Donegal","ATU Galway-Mayo","ATU Sligo","Dublin City University","Dun Laoghaire Institute of Art, Design and Technology","Dundalk IT","Maynooth University","MTU Cork","MTU Kerry","National College of Art and Design","National College of Ireland","SETU Carlow","SETU Waterford","Trinity College Dublin","TU Dublin Blanchardstown","TU Dublin City","TU Dublin Tallaght","TUS Athlone","TUS Limerick","University College Cork","University College Dublin","University of Galway","University of Limerick","Row_Total"
"Antrim",0,0,0,0,0,0,0,0,0,0,0,0,0,0,0,0,0,0,0,0,0,0,0,0
"Armagh",0,0,0,0,0,0,0,0,0,0,0,0,0,0,0,0,0,0,0,0,0,0,0,0
"Carlow",0,0,0,0,0,0,0,0,0,0,0,30,5,0,0,0,0,0,0,0,0,0,0,45
"Cavan",0,0,5,5,0,0,5,0,0,0,0,0,0,0,0,5,0,0,0,0,0,0,0,25
"Clare",0,10,0,0,0,0,0,0,0,0,0,0,0,0,0,0,0,5,40,0,0,0,35,90
"Cork",0,0,5,0,0,0,0,105,5,0,0,5,10,5,0,0,0,0,5,175,0,0,15,335
"Derry",0,0,0,0,0,0,0,0,0,0,0,0,0,0,0,0,0,0,0,0,0,0,0,0
"Donegal",75,0,10,0,0,0,0,0,0,0,0,0,0,0,0,0,0,0,0,0,0,5,0,90
"Down",0,0,0,0,0,5,0,0,0,0,0,0,0,0,0,0,0,0,0,0,0,0,0,10
"Dublin",0,0,0,160,25,15,95,0,0,0,60,5,0,95,110,190,105,0,0,0,70,0,0,935
"Galway",0,70,0,0,0,0,0,0,0,0,0,0,0,5,0,0,0,5,0,0,0,25,10,120
"Kerry",0,0,0,0,0,0,0,5,35,0,0,0,0,0,0,0,0,0,5,20,0,0,10,85
"Kildare",0,0,0,15,0,0,40,0,0,0,0,25,0,10,15,25,10,0,0,0,5,0,5,160
"Kilkenny",0,0,0,5,0,0,5,0,0,0,0,20,30,0,0,0,0,0,0,5,0,0,10,75
"Laois",0,0,0,0,0,0,5,0,0,0,0,30,0,0,0,0,0,0,5,0,0,0,5,55
"Leitrim",0,0,20,0,0,0,0,0,0,0,0,0,0,0,0,0,0,0,0,0,0,0,0,25
"Limerick",0,0,0,0,0,0,0,0,0,0,0,0,0,0,0,0,0,0,50,5,0,0,65,125
"Longford",0,0,5,0,0,0,5,0,0,0,0,0,0,0,0,5,0,10,0,0,0,5,0,30
"Louth",5,0,0,25,0,60,5,0,0,0,0,0,0,0,5,5,0,0,0,0,0,0,0,110
"Mayo",0,10,15,0,0,0,0,0,0,0,0,0,0,0,0,0,0,0,0,0,0,0,10,50
"Meath",0,0,0,25,0,20,25,0,0,0,0,0,0,5,25,20,5,5,0,0,5,0,0,135
"Monaghan",0,0,0,0,0,10,0,0,0,0,0,0,0,0,0,0,0,5,0,0,5,0,0,25
"N/A",0,15,0,20,0,10,10,5,0,0,45,20,10,55,10,5,5,15,5,15,40,15,10,305
"Offaly",0,5,0,0,0,0,5,0,0,0,0,0,0,0,0,0,0,15,0,0,0,0,0,40
"Roscommon",0,0,10,0,0,0,0,0,0,0,0,0,0,0,0,0,0,15,0,0,0,5,5,35
"Sligo",0,0,30,5,0,0,0,0,0,0,0,0,0,0,0,0,0,0,0,0,0,0,5,45
"Tipperary",0,0,0,0,0,0,0,5,0,0,0,5,15,0,0,0,0,0,10,10,0,0,25,70
"Waterford",0,0,0,0,0,0,5,5,0,0,0,5,65,0,0,0,0,0,0,5,0,0,10,95
"Westmeath",0,0,5,0,0,0,10,0,0,0,0,0,0,0,0,0,0,25,0,0,5,5,5,55
"Wexford",0,0,0,5,0,0,5,0,0,0,0,20,20,5,0,5,0,0,0,5,5,0,5,75
"Wicklow",0,0,0,5,10,0,5,0,0,0,0,10,0,5,0,30,5,0,0,0,5,0,0,85
"TOTAL",80,115,105,270,35,125,235,130,45,5,115,175,155,205,175,300,140,95,125,245,160,60,220,3320
